model_number,star_age,star_mass,log_L,log_Teff,log_R,he_core_mass,c_core_mass,o_core_mass,si_core_mass,fe_core_mass,center_h1,center_he4
1.0,1e-05,25.0,4.3215826397276915,3.503756763874178,2.676536628568116,0.0,0.0,0.0,0.0,0.0,0.7000000000000001,0.2799702023647489
10.0,0.0002595868211199999,25.0,4.34896327831349,3.5105120998843486,2.6767162758406724,0.0,0.0,0.0,0.0,0.0,0.7000000000000001,0.2799702023647489
20.0,0.001866879996223736,25.0,4.458721695659155,3.537274243728469,2.678071196825265,0.0,0.0,0.0,0.0,0.0,0.7000000000000001,0.2799702023647489
30.0,0.011818815689988476,25.0,4.647091872968416,3.5817449562797865,2.6833148603772616,0.0,0.0,0.0,0.0,0.0,0.7000000000000001,0.2799702023647489
40.0,0.0734385783984542,25.0,4.817395378909935,3.617849581473272,2.6962573629610493,0.0,0.0,0.0,0.0,0.0,0.7000000000000001,0.2799702023647489
50.0,0.4549719075001067,25.0,4.872726854814718,3.6253678288394777,2.708886606181029,0.0,0.0,0.0,0.0,0.0,0.7000000000000001,0.2799702023647489
60.0,2.817325717658333,25.0,4.873073500340402,3.626372770883172,2.707050044856484,0.0,0.0,0.0,0.0,0.0,0.7000000000000001,0.2799702023647489
70.0,17.44439784661044,25.0,4.83260479222556,3.6305288742041566,2.6785034841570927,0.0,0.0,0.0,0.0,0.0,0.7000000000000001,0.2799702023647489
80.0,66.19395127140922,25.0,4.731846171627309,3.6408739850284384,2.607433952209403,0.0,0.0,0.0,0.0,0.0,0.7000000000000001,0.2799702023647489
90.0,142.81454510913417,25.0,4.624740437367234,3.6513002107343815,2.53302863366748,0.0,0.0,0.0,0.0,0.0,0.7000000000000001,0.2799702023647489
100.0,254.01228084469508,25.0,4.520603235416655,3.661109167986489,2.461342118187977,0.0,0.0,0.0,0.0,0.0,0.7000000000000001,0.2799702023647489
110.0,407.00455715271033,25.0,4.4254726300939975,3.6701113123764513,2.3957725267467227,0.0,0.0,0.0,0.0,0.0,0.7000000000000001,0.2799702023647489
120.0,609.3406957413166,25.0,4.3449159931218215,3.677933437136277,2.3398499587409822,0.0,0.0,0.0,0.0,0.0,0.7000000000000001,0.2799702023647489
130.0,865.9816328048668,25.0,4.28682625753812,3.6844720219264495,2.2977279213687885,0.0,0.0,0.0,0.0,0.0,0.7000000000000001,0.2799702023647489
140.0,1170.6079983111106,25.0,4.2646201277340845,3.689910233569643,2.2757484331803832,0.0,0.0,0.0,0.0,0.0,0.7000000000000001,0.2799702023647489
150.0,1497.2236647441946,25.0,4.295759357051535,3.6940376328155113,2.2830632493473724,0.0,0.0,0.0,0.0,0.0,0.7000000000000001,0.2799702023647489
160.0,1837.2918043540647,25.0,4.4055311043111285,3.696791153489262,2.332442081629667,0.0,0.0,0.0,0.0,0.0,0.7000000000000001,0.2799702023647489
170.0,2141.8246722043855,25.0,4.5519876039778815,3.6988502432119454,2.4015521520176755,0.0,0.0,0.0,0.0,0.0,0.7000000000000001,0.2799702023647489
180.0,2436.2403536643383,25.0,4.700537226241039,3.71893760431996,2.435652240933224,0.0,0.0,0.0,0.0,0.0,0.7000000000000001,0.2799702023647489
190.0,2727.9449933268397,25.0,4.774241086210847,3.766619643225584,2.377140093106884,0.0,0.0,0.0,0.0,0.0,0.7000000000000001,0.2799702023647489
200.0,2911.888185469228,25.0,4.7877457338697536,3.8022612054595686,2.3126092924683666,0.0,0.0,0.0,0.0,0.0,0.7000000000000001,0.2799702023647489
210.0,3194.0401339210966,25.0,4.77863587945429,3.8532514479844497,2.206073880210872,0.0,0.0,0.0,0.0,0.0,0.7,0.27997020236474884
220.0,3663.480709968985,25.0,4.748053887437264,3.918182866182052,2.0609200478071545,0.0,0.0,0.0,0.0,0.0,0.6999999999999996,0.27997020236474884
230.0,4229.201233304461,25.0,4.715511253259074,3.972795049941556,1.935424363199049,0.0,0.0,0.0,0.0,0.0,0.6999999999999968,0.27997020236474884
240.0,4873.167118901534,25.0,4.697377456203761,4.016830123488877,1.838287317576753,0.0,0.0,0.0,0.0,0.0,0.6999999999999815,0.2799702023647488
250.0,5653.20796469323,25.0,4.7101048477569645,4.059383566483692,1.759544127363727,0.0,0.0,0.0,0.0,0.0,0.6999999999998961,0.2799702023647488
260.0,6451.526964544421,25.0,4.750891161332384,4.098990762446676,1.7007228922254658,0.0,0.0,0.0,0.0,0.0,0.6999999999995283,0.2799702023647488
270.0,7366.2405809562515,25.0,4.811610124594193,4.142795866948527,1.6434721648526711,0.0,0.0,0.0,0.0,0.0,0.699999999997741,0.27997020236474884
280.0,8283.02834481851,25.0,4.8716838977984365,4.185815489307633,1.5874698067365758,0.0,0.0,0.0,0.0,0.0,0.6999999999905402,0.2799702023647514
290.0,9306.922304947275,25.0,4.927463677426205,4.232702725607825,1.5215852239500791,0.0,0.0,0.0,0.0,0.0,0.699999999958849,0.2799702023649009
300.0,10391.982644049283,25.0,4.970355979267245,4.280289924061419,1.4478569779634094,0.0,0.0,0.0,0.0,0.0,0.6999999998271099,0.27997020237116105
310.0,11661.691940794111,25.0,5.002385779424788,4.331862114896558,1.3607274963719045,0.0,0.0,0.0,0.0,0.0,0.6999999987920981,0.27997020264942823
320.0,13043.595487923732,25.0,5.021804012969983,4.381972875651456,1.270215091634705,0.0,0.0,0.0,0.0,0.0,0.6999999738751332,0.2799702112230485
330.0,14690.92884369965,25.0,5.031348124077971,4.433354965265159,1.1722229679612954,0.0,0.0,0.0,0.0,0.0,0.6999989993011425,0.2799704607925791
340.0,16695.931483000386,25.0,5.030925373567196,4.484316732893799,1.0700880574486271,0.0,0.0,0.0,0.0,0.0,0.6999623624204239,0.279975781918866
350.0,20853.90620642551,25.0,4.9762486815274265,4.5372285828258745,0.9369260115645912,0.0,0.0,0.0,0.0,0.0,0.6997899167928828,0.27998771418078755
352.0,22796.12753354855,25.0,4.937889469238429,4.542260448026672,0.9076826750184968,0.0,0.0,0.0,0.0,0.0,0.6996983949484173,0.27999482887664645
473.0,7090812.371523588,25.0,5.370134815041248,3.618790345193849,2.9707455535855534,9.447309648556946,6.6306067245200735,6.636038670846991,0.0,0.0,0.0,2.8083223872996684e-16
474.0,7091016.9347856715,25.0,5.366688955831355,3.6208736939157142,2.964855926536876,9.447158467002588,6.630606724520158,6.636038670847076,0.0,0.0,0.0,3.4619338409323816e-16
480.0,7092298.096793356,25.0,5.377652608071322,3.633481991815645,2.9451211568569966,9.43949396186628,6.630831185112197,6.636038670847094,0.0,0.0,0.0,1.1995421959611012e-15
490.0,7094592.483266175,25.0,5.379942176982636,3.62980271654881,2.9536244918463246,9.323788504268931,6.631908595953928,6.636308023557546,0.0,0.0,0.0,7.418147190413932e-15
500.0,7096254.308015776,25.0,5.397564065163468,3.620333369649708,2.9813741297349448,9.173904032955157,6.634602123058191,6.636667160504789,0.0,0.0,0.0,4.868956646036619e-14
510.0,7096702.66084079,25.0,5.420995980384791,3.6266550976406338,2.980446631363754,9.08977755946506,6.637654787109745,6.637654787109745,0.0,0.0,0.0,1.145964248279902e-13
520.0,7097052.712926304,25.0,5.431611647541133,3.6459391481663217,2.9471863638905513,9.082828046481866,6.6564695727343475,6.637744571346603,0.0,0.0,0.0,4.4230461218208676e-13
530.0,7097159.250823034,25.0,5.4388200694233655,3.658081074616584,2.926506721931141,9.082824822696267,6.6706754342027486,6.637355320212,0.0,0.0,0.0,2.009026429501173e-12
540.0,7097183.894489327,25.0,5.439284978629925,3.6607963272301722,2.9213086713072447,9.082823879551917,6.679454337357411,6.637744571346662,0.0,0.0,0.0,4.11766060509403e-13
550.0,7097193.629788078,25.0,5.436729521640816,3.661059037485437,2.919505522302162,9.082823499335863,6.643939683686487,6.6373854343994605,0.0,0.0,0.0,6.896989602062792e-14
560.0,7097195.941817246,25.0,5.435088457468068,3.660875845858587,2.919051373469485,9.082823413301696,6.620853911797116,6.624838087305492,0.0,0.0,0.0,5.0872777390882595e-15
570.0,7097196.454476152,25.0,5.4357873658872755,3.6610525871571977,2.919047345081869,9.082823393438296,6.611190883310609,6.615489303647813,0.0,0.0,0.0,1.0160152039835159e-13
580.0,7097196.564737146,25.0,5.436339984795977,3.6611791217700063,2.9190705853106027,9.082823388710876,6.609591601592468,6.612722826851171,0.0,0.0,0.0,2.676198640855706e-12
590.0,7097196.622987184,25.0,5.4366135941224085,3.661239107952044,2.9190874176097417,9.08282338613304,6.606848272294392,6.610693913531136,0.0,0.0,0.0,1.483467337603983e-11
600.0,7097196.7167127365,25.0,5.4371287515081566,3.6613537050861247,2.919115802034455,9.082823381522779,6.603324942439044,6.60672069801263,0.0,0.0,0.0,1.7898719380173617e-12
610.0,7097196.73042071,25.0,5.437643158509517,3.661474537360973,2.9191313409854387,9.082823380789604,6.560979712962866,6.601692780751406,0.0,0.0,0.0,1.42041421805807e-12
620.0,7097196.746909479,25.0,5.438308451986086,3.6616316907055286,2.9191496810346123,9.08282337982417,6.55728469552754,6.60042119176966,0.0,0.0,0.0,1.0016995940686928e-10
630.0,7097196.749271938,25.0,5.438768926168851,3.661743289028803,2.9191567214794465,9.082823379656027,6.5568671056894345,6.600548557811671,0.0,0.0,0.0,2.025741086167927e-10
640.0,7097196.751295765,25.0,5.4389351588057275,3.661782176710531,2.9191620624344288,9.082823379511918,6.553408289669052,6.601873401384123,0.2370891154378702,0.0,0.0,7.786797613928331e-11
650.0,7097196.75630828,25.0,5.439128399587665,3.6618251037384715,2.919172828769517,9.082823379158,6.55340828966909,6.601327445930022,0.252836995535754,0.0,0.0,5.342992793155346e-11
660.0,7097196.758396784,25.0,5.439181754710777,3.661836506993436,2.9191766998211426,9.082823379011325,6.556413892080849,6.601327445930058,0.0,0.0,0.0,4.5965729043050893e-11
670.0,7097196.768446271,25.0,5.439375314852427,3.6618770470602007,2.9191923997584395,9.082823378306989,6.548545430137948,6.595552779479148,0.5060321287719031,0.0,0.0,7.889766383306039e-11
680.0,7097196.780634343,25.0,5.439381645330491,3.6618722303035054,2.91920519851086,9.082823377458423,6.549428890449552,6.594127769022197,0.5961326600244702,0.0,0.0,7.332572825430185e-11
690.0,7097196.800500065,25.0,5.439062479070006,3.66178856970986,2.919212936567908,9.08282337610435,6.549428890449586,6.5924026643783575,0.7329513425902624,0.0,0.0,6.976670189056171e-11
700.0,7097196.813325746,25.0,5.438582707785589,3.66167019974379,2.9192097908578414,9.082823375258446,6.549428890449617,6.592878555314622,0.758215035540772,0.0,0.0,1.2613206848885538e-10
704.0,7097196.816779336,25.0,5.438414118545952,3.661629136498002,2.9192076227295964,9.082823375032962,6.549428890449625,6.592878555314632,0.7577645751283425,0.0,0.0,1.847137975095763e-10
705.0,7097196.817917983,25.0,5.438281152638078,3.661596685307551,2.919206042156564,9.082823374954735,6.549428890449544,6.5928785553145515,0.7701570114310367,0.0,2.5928388286404415e-32,1.0033926199889388e-11
710.0,7097196.824110029,25.0,5.4382129854477865,3.661580735358036,2.9192038584604467,9.082823374518506,6.54907979348072,6.5929281272871165,0.7980891216381174,0.0,8.080679663873128e-32,3.129596457358806e-10
720.0,7097196.827522515,25.0,5.438352107297128,3.6616143794449028,2.919206131211385,9.082823374275016,6.54907979348072,6.5929281272871165,1.0137652257180212,0.0,1.1189625066278383e-32,6.380216071827119e-11
730.0,7097196.836970708,25.0,5.437892002571031,3.661500858515555,2.9192031207070324,9.082823373620132,6.54907979348072,6.592154804515729,1.453023644398444,0.0,1.4917571879332518e-34,4.530857929983957e-14
740.0,7097196.850645592,25.0,5.437710838849201,3.661457186558206,2.9191998827608137,9.082823372691834,6.550006125349849,6.592154804515729,1.5017534764556673,0.0,7.037312162319075e-32,2.4166034163978043e-09
750.0,7097196.852658228,25.0,5.437564176949673,3.6614208905684906,2.919199143790481,9.082823372557781,6.550006125349849,6.592154804515729,1.9857283291019385,0.0,4.701346593239902e-32,6.295691346502486e-10
760.0,7097196.8564111255,25.0,5.436384860974715,3.661132055001845,2.9191871569362933,9.082823372340403,6.550006125349849,6.592154804515729,2.2080865534821505,0.0,1.887356533401966e-32,1.9241722064591038e-09
770.0,7097196.858892251,25.0,5.434499768797123,3.660673015185074,2.91916269048104,9.082823372323427,6.550006125349849,6.592154804515729,2.2815106208017797,0.0,2.856491805270016e-31,3.439458884140594e-10
780.0,7097196.861633001,25.0,5.433029271288301,3.6603185723682112,2.919136327360354,9.082823372222817,6.550006125349849,6.592154804515729,2.3113815955429273,0.0,2.3635805670218916e-37,7.261598310750677e-10
790.0,7097196.862552686,25.0,5.432023353776425,3.660073637872951,2.9191232375949374,9.082823372207358,6.550006125349849,6.592154804515729,2.461912257813354,0.0,1.271794660173898e-32,5.331050895710609e-10
800.0,7097196.864449154,25.0,5.429295883775067,3.6594105372234433,2.919085703893273,9.082823372207358,6.550006125349849,6.592154804515729,2.518022574171897,0.0,2.451635567097192e-33,2.5761813007256914e-09
808.0,7097196.864897151,25.0,5.427006862704007,3.6588476406918358,2.919066986420959,9.082823372207358,6.550006125349849,6.592154804515729,2.518022574171897,0.04556425047390234,4.0728402411415385e-32,0.0003480947818652034
810.0,7097196.864912881,25.0,5.426723049782012,3.6587775372173743,2.919065286908883,9.082823372207358,6.550006125349849,6.592154804515729,2.518022574171897,0.08021280580684285,8.91046582814444e-32,0.00023163890650482305
820.0,7097196.864937843,25.0,5.425615376937424,3.6585027548705864,2.919061015180166,9.082823372207358,6.550006125349849,6.591609258030531,2.518022574171897,0.20463506054263433,1.5316932472260825e-31,0.0002578992136519942
830.0,7097196.8649412,25.0,5.424451924918366,3.658213010754915,2.9190587774019785,9.082823372207356,6.550006125349849,6.5941237754946505,2.5180225741718956,0.2995899252618915,1.773842557449168e-31,4.525140484716984e-05
840.0,7097196.8649423905,25.0,5.423144884244689,3.6578872915396343,2.919056695495702,9.082823372207354,6.550006125349847,6.594123775494649,2.5180225741718942,0.35740108118190794,7.778111088248452e-32,9.71222234424997e-06
850.0,7097196.864943661,25.0,5.422978748466947,3.6578459779223236,2.919056254841452,9.082823372207336,6.550006125349831,6.593340283541316,2.5180225741718774,0.39754715470182167,6.258929174166209e-32,3.120537692187618e-06
860.0,7097196.8649470275,25.0,5.424261641707738,3.6581660458456686,2.919057565615159,9.082823372207285,6.550006125349777,6.593340283541264,2.518022574171825,0.44010397920556865,2.852450781191883e-32,1.6343216457440342e-06
870.0,7097196.864953498,25.0,5.424493778069978,3.6582243816954065,2.919056962096802,9.082823372207274,6.550006125349766,6.593340283541251,2.5180225741718125,0.4560106089858481,4.5960692633392887e-32,1.518373421578011e-06
880.0,7097196.864956023,25.0,5.423778032489914,3.6580461493173004,2.9190555540629832,9.08282337220727,6.550006125349763,6.593340283541249,2.51802257417181,0.47364718993831556,5.690248112214038e-32,1.3030244951105396e-06
890.0,7097196.8649682375,25.0,5.42479465517032,3.6583003756358514,2.9190554127660833,9.08282337220731,6.550006125349803,6.593340283541288,2.5180225741718485,0.5363295897880653,3.337419748832657e-32,5.47827150258086e-07
900.0,7097196.865011703,25.0,5.424020422891529,3.6581098625567705,2.91904932278485,9.08282337220731,6.550006125349803,6.593340283541288,2.5180225741718485,0.5901582004280203,3.2829391372167e-32,2.924423787208663e-07
910.0,7097196.865167303,25.0,5.421919478772469,3.657592883758729,2.919032808321403,9.08282337220731,6.550006125349803,6.593340283541288,2.5180225741718485,0.7368593120499911,4.6186113009227936e-32,1.2332635626367121e-07
920.0,7097196.865292659,25.0,5.4204545090787,3.65723285940409,2.9190203721837964,9.08282337220731,6.550006125349803,6.593340283541288,2.5180225741718485,0.9027924004330382,3.160372464612938e-32,6.530132584166587e-08
930.0,7097196.86595896,25.0,5.416145152647126,3.6561801792952955,2.9189710541855987,9.08282337220731,6.550006125349803,6.593340283541288,2.5180225741718485,1.1304503263946628,7.111647775124019e-32,1.455096290900042e-07
940.0,7097196.866535271,25.0,5.411559447210036,3.6550568956801643,2.918924768697315,9.082823372207308,6.550006125349803,6.593340283541288,2.5180225741718485,1.2538775421433064,7.405433402072526e-32,2.3537755006076573e-07
950.0,7097196.867347786,25.0,5.416963523115338,3.656411282615291,2.918918032779713,9.082823372207244,6.5500061253497375,6.593340283541224,2.5180225741717845,1.2403169175585356,6.548488876712388e-32,2.4607824662355234e-06
960.0,7097196.867745455,25.0,5.453650365371561,3.665463538193986,2.9191569427504347,9.082823360145996,6.550006125349789,6.5933402835412735,2.5180225741718347,1.3536976423996803,7.774610164560204e-32,0.0005097499952210673
970.0,7097196.867813048,25.0,5.454669500072227,3.6657093185633496,2.919174949362042,9.08282295002022,6.550006125349789,6.5933402835412735,2.5180225741718347,1.4856360968873785,8.017268080711425e-32,0.0017246002381720695
980.0,7097196.867822915,25.0,5.4540698284712645,3.665557957719083,2.9191778352500926,9.08282274995599,6.550006125349789,6.5933402835412735,2.5180225741718347,1.5190426509360684,9.297156840793502e-32,0.0012953625556538775
990.0,7097196.867832162,25.0,5.454335311306162,3.665627562777044,2.9191713665516206,9.082822536107757,6.550006125349789,6.5933402835412735,2.5180225741718347,1.5190426509360684,1.2832940854932286e-31,0.0008349913908851306
1000.0,7097196.867839671,25.0,5.452311290997793,3.665128703997735,2.9191570739560535,9.08282235320759,6.550006125349789,6.5933402835412735,2.5180225741718347,1.5190426509360684,1.9816610455008026e-31,0.0007101711478353991
1010.0,7097196.867843871,25.0,5.450529367133239,3.664688158617606,2.9191472027840333,9.082822249466858,6.550006125349789,6.5933402835412735,2.5180225741718347,1.5190426509360684,3.259851954055535e-31,0.0006665324897371252
1020.0,7097196.867850845,25.0,5.448541814706762,3.664198001471489,2.9191337408630296,9.082822076477093,6.550006125349789,6.5933402835412735,2.5180225741718347,1.5190426509360684,2.262059548089148e-31,0.0006169488703649203
1030.0,7097196.867856819,25.0,5.446020014161185,3.6635738935579827,2.919121056417253,9.082821929169482,6.550006125349789,6.5933402835412735,2.5180225741718347,1.5190426509360684,3.2021177997225705e-31,0.0005971298454202273
1040.0,7097196.867861533,25.0,5.444250268397425,3.663135922561966,2.9191121255274073,9.082821815181815,6.550006125349789,6.5933402835412735,2.5180225741718347,1.5361000872169626,3.2822814963856255e-31,0.0005826187291152264
1050.0,7097196.867868783,25.0,5.442027256538372,3.6625860366233525,2.9191003914751072,9.08282164686102,6.550006125349789,6.5933402835412735,2.5180225741718347,1.6347532511077227,5.303664881672087e-31,0.00045270794014081676
1060.0,7097196.867876405,25.0,5.440081717063536,3.662104930634238,2.919089833715919,9.082821483848598,6.550006125349789,6.5933402835412735,2.5180225741718347,1.6266230937603534,3.4517456165588547e-31,0.00037718932922641495
1070.0,7097196.867907504,25.0,5.433881993873832,3.6605709701812787,2.919057893026984,9.082820981764728,6.550006125349789,6.5933402835412735,2.4619122578132915,1.7669615923345856,2.2810893437319896e-31,0.00032146204812959575
1080.0,7097196.867932641,25.0,5.430326420658123,3.659690419158729,2.9190412084642308,9.08282060321943,6.550006125349789,6.5933402835412735,2.4619122578132915,1.768095670101907,6.238914168171665e-32,0.0007325341351393611
1090.0,7097196.867939917,25.0,5.428957635322511,3.6593506934829305,2.919036267148021,9.082820458166982,6.550006125349789,6.5933402835412735,2.4619122578132915,1.7681622307675382,1.6867194417666472e-31,0.0016178036697029436
1100.0,7097196.867942904,25.0,5.427938410774593,3.6590972717077097,2.9190334984245028,9.082820392627568,6.550006125349789,6.5933402835412735,2.4619122578132915,1.7690002202858828,2.618680140600603e-32,0.00258914901035185
1110.0,7097196.867944914,25.0,5.427152904528384,3.6589019012126003,2.9190314862916185,9.082820346571202,6.550006125349789,6.5933402835412735,2.4619122578132915,1.8370177672044252,2.194112604876666e-32,0.004343982487193971
1116.0,7097196.867945343,25.0,5.426266215827899,3.6586809915228375,2.9190299613209003,9.082820336551643,6.550006125349733,6.593340283541218,2.461912257813236,1.83701776720437,1.2383900222460127e-32,0.005917643055307154
