model_number,star_age,star_mass,log_L,log_Teff,log_R,center_h1,center_he4
1.0,7585.278789328103,0.999999877070404,0.9628394809273133,3.64798474348909,0.7087090899381031,0.7000000000000001,0.2799702023647489
10.0,105897.66895821143,0.9999987992588871,0.7728658913643665,3.6513840894858753,0.6069236031630585,0.699999999999996,0.27997020236474884
20.0,324857.66690321564,0.9999976280185908,0.5557118969265182,3.6523827157442597,0.4963493534273668,0.6999999999998464,0.2799702023647489
30.0,797854.5346952529,0.999996456435322,0.32475161954992277,3.649796826209237,0.38604099380911383,0.6999999999950139,0.27997020236474884
40.0,1849705.1718527256,0.999995289889377,0.07737099237978148,3.6426742677112176,0.276595797220083,0.6999999993676985,0.2799702023647488
50.0,4739641.207325745,0.9999939697510829,-0.20509485918206669,3.6312500929028166,0.15821122105595914,0.6999999480724587,0.27997020236475395
60.0,12041793.247727815,0.9999924973396245,-0.37005588046083876,3.639367369449639,0.059496157322929566,0.6999984265283747,0.2799702023738188
70.0,20055780.849498164,0.9999912155840518,-0.27454004229667955,3.6817493377195945,0.022490139865097247,0.6999828496666396,0.27997020877898365
80.0,26816894.10883578,0.9999897975275729,-0.10995754067557767,3.7275995313629173,0.01308100338900273,0.6998911298811612,0.2799776978442238
90.0,33464081.645280946,0.9999878943602271,-0.04857976939455087,3.7541389020889233,-0.009308852422495115,0.6997123665595513,0.28016938958784054
95.0,42869299.11066268,0.999985692064017,-0.157563558354737,3.7486991072954945,-0.0529211573157301,0.6992365113400848,0.2805595237490903
100.0,66272489.83412132,0.9999811179663842,-0.15771331811936504,3.7485287201577493,-0.05265526292255444,0.6979001517398011,0.2816786336918024
110.0,269413505.7779306,0.9999398279256035,-0.14189756057148348,3.7503949668522067,-0.04847987753752925,0.6842448922726128,0.29513845552444085
120.0,1367020347.223814,0.9997023322453724,-0.10977791676672362,3.753129742325029,-0.03788960658079251,0.6038577971841166,0.37554267629995985
130.0,2707143096.583079,0.9993791620563826,-0.07029401892728919,3.7561925360826756,-0.024273245176368943,0.5022543740143578,0.4771704170717666
140.0,3979879510.092881,0.9990314174940587,-0.02985277823559761,3.758843073112912,-0.009353698890996286,0.40090849555727254,0.5785525392977859
147.0,4825173765.344944,0.998773595510978,-0.0012148175880183204,3.7603583237161504,0.001934780226316609,0.32966309752599504,0.6498410566068473
150.0,5174063705.040149,0.9986599063605663,0.011034458867683504,3.7609111312195873,0.006953803447292656,0.29908408861138863,0.6804462427750234
160.0,6275851770.386583,0.9982684732871182,0.05130520894634697,3.762258337227763,0.02439476647027473,0.19694788816133105,0.7827211790260218
170.0,7264255362.582879,0.9978681087568588,0.08860303393441368,3.76263760534776,0.04228514272431281,0.09382642094453437,0.8860659432578523
180.0,7988297158.863003,0.9975394537815229,0.11707758568454993,3.762267734909626,0.05726215947564943,0.02403048639691368,0.956015254200404
190.0,8391855178.828486,0.997339872588734,0.1360186800462235,3.7620503644861265,0.06716744750348493,0.006945712430245114,0.9731332432381281
200.0,8715168869.210835,0.9971694721856159,0.1528240731687901,3.7618075861370666,0.07605570076288858,0.00209761346479982,0.9779903838868504
210.0,8994275425.430367,0.9970136638691268,0.16828588514195691,3.761476292057854,0.08444919490789779,0.0006363677005961055,0.9794543475309302
220.0,9236383310.777231,0.9968711149194887,0.18244851455342764,3.7610609592914868,0.09236117514636702,0.00019298668058865203,0.9798985789412703
230.0,9446062229.27391,0.996741450878913,0.1952843491819804,3.7605779386303206,0.09974513378297571,5.848467609227066e-05,0.9800333672709413
240.0,9627435024.167837,0.9966241473145493,0.20686471749162946,3.760047742613205,0.10659570997203155,1.772984403246216e-05,0.9800742312055838
250.0,9784709796.902857,0.996518193591579,0.21726998803451397,3.759484853305419,0.11292412385904556,5.380931896308154e-06,0.9800866268205859
260.0,9921683459.957611,0.9964224330338514,0.2266193431091922,3.758888303065125,0.11879190187697306,1.635640798285255e-06,0.9800903927917964
270.0,10091282035.959143,0.9962990953189415,0.2385301388563185,3.7580007377466846,0.12652243038741579,3.0661875881752435e-07,0.980091732605406
280.0,10963899013.735355,0.9955685074802042,0.30409818134430444,3.748252008910299,0.17880390930418122,5.448454551893745e-12,0.9800920435837551
290.0,11528809334.43397,0.994960124280841,0.326479155178255,3.7178544957105792,0.25078942262059595,0.0,0.9800920401921657
300.0,11748796642.113535,0.9946640839676718,0.38172188356176806,3.6950286007769018,0.32406257667970734,0.0,0.9800920357289339
310.0,11873685399.908566,0.9944235356033287,0.4823856188620726,3.6885127876220527,0.38742607063955736,0.0,0.9800920317513786
320.0,11961756927.462526,0.9941782946218173,0.5793074898784434,3.6860768731401867,0.4407588351114748,2.626020496946832e-38,0.9800920252864123
330.0,12025368897.718742,0.9939328787463649,0.6639314084214355,3.6844487451668337,0.48632705032967694,0.0,0.9800920176761208
340.0,12075704941.693655,0.9936731317110981,0.7431632123672638,3.682872379253685,0.5290956841288884,0.0,0.9800920101601815
350.0,12118109100.111721,0.9933850026399145,0.8187362168080652,3.6812125353184917,0.5702018742196753,0.0,0.9800920023021148
360.0,12149367970.886473,0.9931109492307105,0.8837485199917229,3.679487359279872,0.6061583778887439,0.0,0.9800919956905499
370.0,12179271924.277916,0.9927764497578576,0.9555202660596361,3.6773641691938965,0.6462906310946505,0.0,0.9800919881430266
380.0,12200590308.237213,0.9924751680288406,1.0129100497785053,3.67544597382912,0.6788219136836396,1.149069685635639e-38,0.9800919818242833
390.0,12219252086.4939,0.9921507553061526,1.0686382258709899,3.673464520051643,0.7106489092848342,0.0,0.9800919757132999
400.0,12234274533.479908,0.9918333055719148,1.1206524449392263,3.6714493158877306,0.7406864271467778,0.0,0.9800919703706867
410.0,12247648112.167648,0.9914934250374674,1.1716673378882958,3.669313604822877,0.7704652957510194,0.0,0.9800919652843073
420.0,12258803794.381489,0.9911554860035481,1.2157118274738088,3.667416128195417,0.7962824937986972,0.0,0.9800919607776666
430.0,12268510836.945206,0.9908097931872131,1.2577682582159024,3.665494020292047,0.8211549249764845,0.0,0.9800919566622455
440.0,12277044039.192043,0.9904557016981217,1.2983680348583708,3.66359118140767,0.845260491066472,0.0,0.9800919528857952
450.0,12286352914.93409,0.9900009071869581,1.347400670323302,3.6611902536173693,0.8745786643795389,0.0,0.9800919485999576
460.0,12293736254.77351,0.9895775108862293,1.3886466723709832,3.659066456763711,0.8994492591106972,0.0,0.9800919450541368
470.0,12300379858.51955,0.9891376621980569,1.4248745704967636,3.65718087027178,0.9213343811574475,0.0,0.980091941566313
480.0,12306264819.412645,0.9886946646841297,1.457304358080097,3.6554546979422207,0.9410016196082344,0.0,0.9800919392182758
490.0,12311667280.295584,0.9882426381507429,1.4805619596566553,3.654191145170037,0.9551575259408803,0.0,0.9800919378232629
500.0,12316667306.643007,0.9877962487351943,1.4886780264185464,3.653871391077144,0.9598550675076108,0.0,0.9800919368741318
510.0,12322424220.3374,0.9872818487613474,1.4710210004565527,3.6551266034198324,0.9485161298412382,0.0,0.9800919359572694
520.0,12329834244.764692,0.9866792798748667,1.457895622777831,3.656263411645407,0.9396798245507282,0.0,0.9800919344626466
530.0,12340199424.83362,0.9856541325024913,1.5804708613292564,3.649001715847412,1.01549083542243,0.0,0.9800919278661827
540.0,12350625986.53563,0.9839757096998692,1.716342916791452,3.640432952525979,1.1005643897963937,0.0,0.9800919187848347
550.0,12357950455.74395,0.982120955325736,1.8109472181345603,3.634252115695117,1.1602282141296723,0.0,0.9800919123045959
560.0,12363378777.601202,0.9802853717227656,1.8926195363349572,3.6285926016310857,1.212383401357933,0.0,0.9800919073032123
570.0,12367580955.68935,0.9785594628141306,1.9109456827280986,3.62750999710499,1.2237116836066952,0.0,0.9800919032531895
580.0,12371059652.186018,0.9768209864979578,1.95040506495064,3.624757935414373,1.2489454980992003,0.0,0.9800918999313105
590.0,12374164408.708168,0.9750660535307442,2.004975386278016,3.620827675606791,1.2840911783780518,0.0,0.9800918969698444
600.0,12376982067.71845,0.973133719043548,2.059868306894656,3.6167623605760086,1.319668268747937,0.0,0.9800918941056841
610.0,12379387301.865238,0.9711519390170014,2.099015749189332,3.613775044032215,1.3452166229828626,0.0,0.9800918910296195
620.0,12381415771.68981,0.969129612737803,2.1357380575049385,3.6108736110288553,1.3693806431473852,0.0,0.9800918866356952
630.0,12383187158.204918,0.967104527410393,2.1814678355838484,3.6073376438107556,1.399317466623039,0.0,0.9800918792733984
640.0,12384769136.776638,0.9649750282093529,2.224929985849068,3.6038336159967317,1.4280565973836967,0.0,0.9800918693101669
650.0,12386161042.486366,0.9627807784138386,2.2600666506435982,3.600995635634848,1.4513008905047295,0.0,0.98009185830736
660.0,12387407660.937056,0.9604911801664762,2.2994735121062964,3.5977770078686886,1.4774415767683984,0.0,0.9800918469786388
670.0,12388505708.806835,0.9581366529968379,2.3397791715883693,3.5944201623681997,1.504308097510412,0.0,0.9800918360103712
680.0,12389480846.889761,0.9557507658697754,2.3741297342619676,3.5915670299417877,1.5271896437000347,0.0,0.9800918255754079
690.0,12390346918.402084,0.9533387511086282,2.400946698499709,3.589303732439734,1.5451247208230128,0.0,0.9800918157976442
700.0,12391141522.2614,0.950848288431985,2.4315152817008645,3.5867030373905653,1.5656104025219293,0.0,0.980091806423649
710.0,12391829899.399906,0.948411280718618,2.4703857318141353,3.58334471910737,1.5917622641449534,0.0,0.980091797995695
720.0,12392414690.121696,0.9460683554216418,2.4765924710999996,3.582827535714135,1.5959000005743564,0.0,0.9800917906150715
730.0,12392968592.879042,0.9437563412841381,2.50178674624852,3.580663458434986,1.6128252927069155,0.0,0.9800917834305285
740.0,12393503077.020575,0.9412973500970961,2.5248427330960816,3.5786096415691233,1.62846091986242,0.0,0.9800917763177723
750.0,12393983965.609848,0.9388678045603159,2.5548818423442508,3.575957043634145,1.6487856703564616,0.0,0.9800917697639251
760.0,12394420710.255224,0.9364073201829463,2.5719855980393573,3.574413463146283,1.6604247091797388,0.0,0.9800917636829061
770.0,12394829159.334528,0.9339165682156546,2.5910542293429506,3.5726902207403124,1.6734055096434766,0.0,0.9800917578793574
780.0,12395216838.09308,0.9313868547212801,2.610798826002961,3.5708923494935334,1.6868735504670405,0.0,0.9800917522614541
790.0,12395577286.236177,0.9287720548171025,2.638728488344782,3.568311700716546,1.7059996791919252,0.0,0.9800917469391472
800.0,12395908409.132505,0.9261427026342943,2.66164732002167,3.566209177535884,1.7216641413916944,0.0,0.9800917419632742
810.0,12396216775.102268,0.9235362691684483,2.6712177978117913,3.5653139253350026,1.7282398846885165,0.0,0.9800917372485968
820.0,12396512584.007208,0.9208492273251833,2.6874264173872353,3.563753754235816,1.7394645366746122,0.0,0.9800917326480271
830.0,12396797351.599283,0.9181029207675094,2.701014443514304,3.5624641101984413,1.7488378378128961,0.0,0.9800917281421658
840.0,12397058331.794245,0.9154089075100635,2.7218099969385867,3.560516761599361,1.7631303117231971,0.0,0.9800917239427919
850.0,12397311041.8713,0.9126745358525925,2.7351428575847474,3.559229512890662,1.772371239463675,0.0,0.9800917198068715
860.0,12397552819.747381,0.909867179405487,2.7560089672925323,3.557180758197685,1.7869018037035234,0.0,0.9800917157799172
870.0,12397774295.933844,0.9071332622485352,2.762368921605139,3.556550223629219,1.7913428499967583,0.0,0.9800917120264827
880.0,12397992770.892344,0.9043229722855994,2.7739677000143073,3.5554271536723143,1.799388379115152,0.0,0.9800917082550494
890.0,12398200950.374126,0.9014908915753654,2.786350013776351,3.5542110866771206,1.80801166998656,0.0,0.9800917045903136
900.0,12398399084.159426,0.8986657744726047,2.798236901644691,3.5530168865406866,1.8163435141935986,0.0,0.9800917010291231
910.0,12398590369.066996,0.8958684410362121,2.805633967453303,3.5522746626684367,1.8215264948424044,0.0,0.980091697512489
920.0,12398781318.067726,0.8928943851460523,2.82079460087386,3.550738111009386,1.8321799148707845,0.0,0.9800916939131121
930.0,12398963031.950207,0.8898866032808003,2.834897293937136,3.549335294103813,1.8420368952135688,0.0,0.9800916903918411
940.0,12399135543.041716,0.8868611957961663,2.8485808571584843,3.547941574797283,1.8516661154373033,0.0,0.9800916869458246
950.0,12399302178.63483,0.8837676626913317,2.861988176091446,3.546563541091375,1.8611258423155985,0.0,0.9800916835028924
960.0,12399460883.717546,0.8806550051288734,2.8748747924861924,3.5452428089652717,1.870210614765179,0.0,0.9800916800982016
970.0,12399612951.701128,0.8775080583946472,2.887475111516473,3.5439368318092566,1.8791227285923504,0.0,0.9800916766950044
980.0,12399758584.594376,0.874332001307905,2.8997165972689745,3.5426589015648284,1.887799331957457,0.0,0.9800916732753066
990.0,12399897617.200836,0.8711412868509041,2.9115424016538496,3.5414235103033502,1.8961830166728513,0.0,0.9800916698361815
1000.0,12400031737.994032,0.8679047971290077,2.9232257678960774,3.5401871076973017,1.9044975050060622,0.0,0.9800916663344554
1010.0,12400160712.619452,0.8646356237315199,2.9346045543177355,3.5389888947466255,1.9125833241182442,0.0,0.9800916627676707
1020.0,12400283870.242496,0.8613613103989451,2.9455932522160517,3.53780699891684,1.9204414647269723,0.0,0.9800916591415342
1030.0,12400402112.158146,0.8580672690299519,2.956223052513784,3.536674476512559,1.928021409684401,0.0,0.9800916554120238
1040.0,12400516502.771353,0.8547299299555619,2.966892287087725,3.5355035591762216,1.9356978616440452,0.0,0.9800916515186889
1050.0,12400626645.161589,0.8513682630006412,2.9771275770270944,3.5343960752105312,1.9430304745451115,0.0,0.9800916474432425
1060.0,12400733338.201658,0.8479632579621329,2.9873824662184933,3.5332494257555225,1.9504512180508287,0.0,0.9800916431184923
1070.0,12400836655.531414,0.8445175694553232,2.9972818874990326,3.5321279011893294,1.9576439778234833,0.0,0.980091638492444
1080.0,12400935815.5329,0.8410660292887087,3.0068621119174432,3.53106054600988,1.9645688003915887,0.0,0.980091633555176
1090.0,12401031950.76569,0.837575035602235,3.01648654223549,3.529941452656568,1.971619202257235,0.0,0.9800916281995651
1100.0,12401125531.611269,0.8340308995835721,3.025791894533856,3.528886445586416,1.9783818925467225,0.0,0.9800916223325759
1110.0,12401215663.398415,0.8304748061319165,3.034879835102248,3.5278193766426598,1.9850600007184311,0.0,0.9800916159439298
1120.0,12401303254.030418,0.8268756582761664,3.0439401835359954,3.52674498519216,1.9917389578363036,0.0,0.9800916088994752
1130.0,12401388261.24793,0.8232399619513537,3.0528140981949794,3.5257084548742244,1.998248975801668,0.0,0.9800916011182259
1140.0,12401470987.261303,0.8195587819349083,3.0614059260073034,3.524668707775467,2.0046243839053446,0.0,0.9800915924760202
1150.0,12401551593.27418,0.8158284026045718,3.0700645586116435,3.5236166483841997,2.0110578189900497,0.0,0.9800915828455911
1160.0,12401629768.324438,0.8120680860236638,3.0784078342478947,3.5225741802048125,2.017314393166948,0.0,0.9800915721484632
1170.0,12401704920.873566,0.8083144536799369,3.0865349828487183,3.52157004579382,2.0233862362893453,0.0,0.9800915603704394
1180.0,12401778426.062458,0.804502482173309,3.094675045984049,3.5205524695598642,2.0294914203249217,0.0,0.9800915471740342
1190.0,12401850087.778141,0.800645292051831,3.10267765065907,3.5195322275865166,2.0355332066091276,0.0,0.9800915324247907
1200.0,12401919953.264318,0.7967434763634001,3.1104641672618416,3.518520465869769,2.041449988344009,0.0,0.9800915159333737
1210.0,12401988111.209713,0.7927957537898772,3.118178469103476,3.5175338935359037,2.047280283932556,0.0,0.9800914974778955
1220.0,12402053892.596558,0.7888477119610507,3.1254015634153087,3.5165726138568787,2.052814390446524,0.0,0.9800914770583894
1230.0,12402116760.802044,0.7849426616909809,3.132565492113111,3.515590833868015,2.0583599147731513,0.0,0.9800914547334367
1240.0,12402177158.235647,0.7810626874908609,3.139416839189007,3.514663862800037,2.063639530447056,0.0,0.9800914302624486
1250.0,12402232562.945728,0.777388706465858,3.1417909700222357,3.5142185024967456,2.065717316470253,0.0,0.9800913059849949
1260.0,12402262426.0912,0.7753967963007743,3.1453008438290886,3.5137546593262687,2.0683999397146327,0.0,0.9800912916153971
1270.0,12402312364.560894,0.7719317296396428,3.1559275004993403,3.512394800173175,2.0764329863559468,0.0,0.9800912651911634
1280.0,12402353426.213947,0.7690101803884299,3.152864687530146,3.5126238033932227,2.074443573431254,0.0,0.9800912409998697
1290.0,12402363124.644068,0.7683306359747512,3.152955642576764,3.512593844246749,2.074548969247511,0.0,0.9800912349254461
1300.0,12402372051.517477,0.7677011502281635,3.154791880424269,3.5123652997513695,2.075924177162021,0.0,0.9800912291995888
1310.0,12402381074.955647,0.7670601755670036,3.156044833093037,3.5121902104267306,2.076900832145684,0.0,0.9800912232804647
1320.0,12402389985.40294,0.766423403707036,3.1573184610245613,3.512022227602404,2.077873611760099,0.0,0.9800912173036882
1330.0,12402398778.105564,0.7657914862164434,3.1586393043550536,3.5118283623128788,2.0789217640043955,0.0,0.9800912112749428
1340.0,12402407689.433567,0.7651470107845568,3.159721093013027,3.511686050910844,2.0797472811374518,0.0,0.9800912050293782
1350.0,12402416521.445488,0.7645046237506999,3.160625742238405,3.5115555918071997,2.0804605239574285,0.0,0.9800911987019074
1360.0,12402425262.37897,0.763865515287037,3.1617838253363972,3.5113922240268423,2.08136630106714,0.0,0.9800911923016998
1370.0,12402433976.215084,0.7632248131838408,3.1627479425143994,3.5112590445622707,2.0821147185852844,0.0,0.9800911857818456
1380.0,12402442659.576756,0.7625829541967526,3.1639382436015078,3.5110944431025555,2.0830390720482685,0.0,0.9800911791429534
1390.0,12402451309.772322,0.7619400867683663,3.165144402633597,3.5109250727573578,2.0839808922547087,0.0,0.9800911723856804
1400.0,12402459936.089125,0.7612954426806464,3.166142137724393,3.5107829733473577,2.084763958620107,4.271984208368173e-40,0.9800911655009525
1410.0,12402468524.30331,0.760650246902604,3.167170383240583,3.510627424432619,2.0855891792076795,0.0,0.9800911584982777
1420.0,12402477075.288242,0.7600044436596017,3.1682473615584215,3.5104705217057237,2.0864414738203902,0.0,0.9800911513754967
1430.0,12402485597.955215,0.7593573602984518,3.169284022595295,3.510341593469125,2.087217660812023,0.0,0.9800911441235463
1440.0,12402494085.125427,0.758709585590997,3.170400911648158,3.510172374600388,2.0881145430759296,0.0,0.98009113674664
1450.0,12402502552.712866,0.7580598800075831,3.1714604067121965,3.5100122321856415,2.0889645754374415,0.0,0.9800911292289688
1460.0,12402510982.580105,0.757409668184834,3.1725216159472422,3.509854916194327,2.0898098120375943,0.0,0.9800911215845524
1470.0,12402519385.717066,0.7567581396235247,3.1735867174502936,3.5097088455039103,2.090634504169954,0.0,0.9800911138015318
1480.0,12402527751.344099,0.75610612461311,3.174583482651536,3.509563159556461,2.091424258665472,0.0,0.9800911058880595
1490.0,12402536074.357853,0.7554540806929523,3.175618982596931,3.509402155770639,2.092264016209814,0.0,0.9800910978473625
1500.0,12402544522.634918,0.754788769323608,3.1768593188854743,3.5092377879507928,2.093212919993779,0.0,0.9800910895107693
1510.0,12402553121.500528,0.7541079752367348,3.1782618460672833,3.5090308584215935,2.094328042643081,0.0,0.9800910808402432
1520.0,12402561352.816477,0.753452862556153,3.1793070167636115,3.508881842503893,2.0951486598266458,0.0,0.9800910723613563
1530.0,12402569563.143177,0.7527960423710244,3.180330301812053,3.5087210166299068,2.095981954098839,0.0,0.9800910637252358
1540.0,12402577416.04163,0.7521646569154219,3.180957694148029,3.508640022456586,2.096457638613469,0.0,0.9800910552944497
1550.0,12402585889.639292,0.7514798798936245,3.1823774200004116,3.5084413199659368,2.0975649065209594,0.0,0.9800910460046433
1560.0,12402594223.757929,0.7508025546326832,3.1833513466369663,3.5082794460793685,2.098375617612372,0.0,0.9800910366691881
1570.0,12402602339.292873,0.7501397709812501,3.184240909627647,3.5081425297552613,2.099094231755928,0.0,0.9800910273845261
1580.0,12402610409.541693,0.7494773503601851,3.1851438268783623,3.508006636675291,2.099817476541225,0.0,0.9800910179572281
1590.0,12402618439.418648,0.7488149107254216,3.186063716252033,3.5078740756279965,2.1005425433226503,0.0,0.9800910083800983
1600.0,12402626439.325096,0.7481516857167902,3.187160323291837,3.507716523454268,2.1014059511900074,0.0,0.9800909986385722
1610.0,12402634552.154675,0.7474755680245634,3.1881729774485508,3.5075489811765,2.102247362823902,0.0,0.9800909885509541
1620.0,12402642801.510977,0.7467845273680794,3.1895125543643044,3.5073491443231806,2.1033168249884184,0.0,0.9800909780728045
1630.0,12402650862.849615,0.7461056105447597,3.190565298041983,3.5071974977802793,2.104146489913059,0.0,0.9800909676136518
1640.0,12402658812.215223,0.7454327267746261,3.191478720875198,3.5070679489697145,2.104862298950796,0.0,0.9800909570817964
1650.0,12402666667.93299,0.7447645928416182,3.192466031468361,3.506935796078191,2.1056202600304252,0.0,0.9800909464561361
1660.0,12402674539.482971,0.7440915739702362,3.1932092927463853,3.5068178944816495,2.10622769386252,0.0,0.9800909355869866
1670.0,12402682341.321568,0.7434213184201397,3.1940351157162428,3.5066955954132175,2.1068852034843126,0.0,0.9800909245894314
1680.0,12402690569.879938,0.7427107822501807,3.195548163174776,3.5064526641614275,2.1081275897171587,8.485455367721609e-41,0.9800909127416192
1690.0,12402698011.995165,0.742064923978555,3.1961197759492626,3.506358207357083,2.1086023097130906,0.0,0.9800909018025267
1700.0,12402705736.306335,0.7413912282248368,3.1971011620439773,3.506188685784152,2.1094320459063107,0.0,0.980090890217237
1710.0,12402713863.353521,0.7406786399179462,3.198521147340933,3.5059946040690813,2.1105302019849295,0.0,0.9800908777675884
1720.0,12402721526.582136,0.740003461703298,3.1995049694786513,3.505849633493795,2.1113120542043617,0.0,0.9800908657791628
1730.0,12402729235.371532,0.7393207076935401,3.2003696919725444,3.505696527234329,2.1120506279702407,0.0,0.9800908534690924
1740.0,12402736860.89257,0.7386421153491092,3.2013608492218366,3.505563885276558,2.11281149051043,0.0,0.9800908410391989
1750.0,12402744489.81255,0.7379596733923204,3.202063255170242,3.5054347709770415,2.1134209220836637,0.0,0.9800908283464184
1760.0,12402752067.79047,0.7372785615896547,3.202943929668416,3.505276756688428,2.114177287909978,0.0,0.9800908154773431
1770.0,12402759618.490221,0.7365965239341524,3.2038357544364424,3.505159172497706,2.114858368675436,0.0,0.9800908023898632
1780.0,12402767130.061407,0.7359147629007086,3.2047962260867258,3.5050149086627704,2.1156271321704487,0.0,0.9800907891018308
1790.0,12402774619.707893,0.7352316265323726,3.205712786053096,3.504867595495014,2.116380038489146,0.0,0.980090775580039
1800.0,12402782086.760916,0.7345472030750462,3.2066992923321505,3.5047131615636324,2.117182159491437,0.0,0.9800907618217517
1810.0,12402789524.345528,0.733862155359668,3.207810536398322,3.5045023481772266,2.1181594082973336,0.0,0.9800907478361022
1820.0,12402796944.992174,0.7331751903282379,3.2087452294725844,3.5043733986204804,2.1188846539479584,0.0,0.9800907335959589
1830.0,12402804326.207357,0.7324885915007836,3.2096917920647985,3.50423612724813,2.1196324779887648,0.0,0.9800907191410756
1840.0,12402811697.047728,0.7317995374224264,3.210472549070461,3.5040984198470504,2.1202982712937555,0.0,0.9800907044109821
1850.0,12402819038.362406,0.7311099496931863,3.211380780208337,3.5039554392703955,2.121038348016003,0.0,0.9800906894393031
1860.0,12402826354.206274,0.7304194239085329,3.2122838333499804,3.503810078800268,2.1217805955270808,0.0,0.9800906742142507
1870.0,12402833643.132292,0.7297280884671067,3.2132583991346273,3.5036603003002385,2.1225674354194624,0.0,0.9800906587350359
1880.0,12402841325.3032,0.7289957976024604,3.2147190667101975,3.5034438614067853,2.123730646994154,0.0,0.9800906420771941
1890.0,12402848573.999521,0.7283013891045378,3.215652249599209,3.5032971034207625,2.124490754410706,0.0,0.9800906260300367
1900.0,12402855926.633005,0.727593363396459,3.216626780280779,3.503121835477021,2.125328555638974,0.0,0.9800906094176333
1910.0,12402863179.596972,0.7268915025835252,3.217457040852326,3.5029884923137917,2.1260103722512063,0.0,0.9800905926921799
1920.0,12402870349.091887,0.7261945097540625,3.218387959720884,3.5028467456342187,2.126759325044632,0.0,0.9800905758211773
1930.0,12402877497.876299,0.7254961797797947,3.219316786359855,3.502691319876826,2.127534589878902,0.0,0.9800905586565837
1940.0,12402884658.602533,0.7247931554710527,3.2201021886665164,3.502556056201476,2.1281978183829318,0.0,0.9800905411129635
1950.0,12402891775.706385,0.7240910741835273,3.220915880694873,3.5024367525730358,2.1288432716539916,0.0,0.980090523320729
1960.0,12402898855.17331,0.7233894239855055,3.2218322403198485,3.5022754394148072,2.1296240777829363,0.0,0.980090505262651
1970.0,12402905914.96132,0.722686278053031,3.222646209628425,3.502140027111005,2.13030188704483,0.0,0.9800904868894877
1980.0,12402912958.144323,0.7219814686697055,3.2235529131279606,3.5019856234112603,2.1310640461940857,0.0,0.9800904681874911
1990.0,12402919982.02385,0.7212751603065813,3.2244014503066403,3.5018397508282373,2.1317800599494716,0.0,0.9800904491584477
2000.0,12402926970.259724,0.7205691114894359,3.225323077719774,3.501684902042685,2.132550571227144,0.0,0.9800904298423124
2010.0,12402933928.323149,0.7198627170359507,3.226200994962543,3.501547563891883,2.133264206150132,0.0,0.9800904102207786
2020.0,12402940997.802969,0.7191415252397187,3.227207535314232,3.5013840804145344,2.1340944432806728,0.0,0.9800903898787152
2030.0,12402947907.039873,0.7184333142412553,3.2281040701666925,3.5012348846773826,2.134841102181208,0.0,0.9800903695931223
2040.0,12402954686.351936,0.7177351093672589,3.2288464440863325,3.5011196822635355,2.1354426939687214,0.0,0.9800903492913634
2050.0,12402961967.734632,0.7169815202549834,3.230287173527567,3.500884271554663,2.1366338801070834,0.0,0.980090327035466
2060.0,12402968550.191751,0.7162970711885248,3.2307874125239597,3.500783604302772,2.137085334109062,0.0,0.9800903065085166
2070.0,12402975779.808651,0.7155414797922849,3.2321136438508797,3.5005913627933607,2.1381329327913448,0.0,0.9800902835032421
2080.0,12402982458.693169,0.7148403733922022,3.2329553095953467,3.5004442566317384,2.1388479779868232,0.0,0.9800902618154681
2090.0,12402989246.018951,0.7141243485384469,3.233841000952784,3.5002904908610084,2.139598355207002,0.0,0.9800902393365142
2100.0,12402996133.27412,0.7133941257094405,3.23477790558142,3.5001111988715805,2.1404253915001754,0.0,0.9800902160641329
2110.0,12403002958.558428,0.7126668572429281,3.235436789918967,3.4999925537551873,2.1409921239017353,0.0,0.980090192531621
2120.0,12403009694.693586,0.711945918132818,3.236336641316529,3.4998532642070823,2.1417206286967265,0.0,0.9800901688370336
2130.0,12403016391.569912,0.7112258003313483,3.237206172590513,3.4996848983405386,2.142492126066806,0.0,0.9800901448080186
2140.0,12403023075.044594,0.710503643887459,3.237955789433324,3.4995797657865517,2.1430771995961853,0.0,0.980090120346999
2150.0,12403029737.70122,0.7097804157832526,3.23885166884743,3.499418369202242,2.1438479324718567,0.0,0.9800900954736954
2160.0,12403036375.415033,0.709056469079546,3.239553078614097,3.49931534346487,2.144404688829934,0.0,0.9800900701981266
2170.0,12403042999.81004,0.708330637857231,3.2404272190106376,3.4991511866229743,2.1451700727119967,0.0,0.9800900444685996
2180.0,12403049603.23918,0.7076036597783778,3.241258270022544,3.4990140432191046,2.1458598850256885,0.0,0.9800900183077796
2190.0,12403056199.869122,0.7068740033972768,3.242130114784282,3.498845161135128,2.146633571574511,0.0,0.980089991650955
2200.0,12403062781.025421,0.7061426009570712,3.243025059554397,3.4987044592104644,2.147362447808895,0.0,0.9800899645241908
2210.0,12403069329.466276,0.7054114370435842,3.243888986802307,3.49857366854157,2.1480559927706397,0.0,0.9800899369929076
2220.0,12403075849.481483,0.7046800757340853,3.244700302767146,3.49840062905408,2.14880772972804,0.0,0.9800899090346789
2230.0,12403082461.080399,0.7039349147162615,3.2457159867796386,3.4982413861010864,2.1496340576402724,0.0,0.9800898801138869
2240.0,12403089194.143105,0.7031723844428335,3.246927164727841,3.4980536910975806,2.150615036621385,0.0,0.9800898500586784
2250.0,12403095778.50764,0.7024229976427084,3.2478430964960534,3.4978854634070684,2.1514094578865164,0.0,0.9800898200662682
2260.0,12403102215.531153,0.7016870673092042,3.2486950220260673,3.49774642350518,2.1521135004553003,0.0,0.9800897901568445
2270.0,12403108707.215313,0.7009410997137269,3.2493024078421975,3.4976188092445435,2.152672421884638,0.0,0.9800897593914327
2280.0,12403115110.488808,0.7002021344120244,3.250171168319389,3.4974750374739823,2.153394345664356,0.0,0.9800897284388704
2290.0,12403121501.693977,0.6994609914724622,3.250802136073429,3.4973641710571077,2.153931562375126,0.0,0.9800896969318161
2300.0,12403127853.401768,0.6987211141388727,3.2515951189180017,3.497228887515562,2.1545986208805026,0.0,0.9800896649986719
2310.0,12403134198.521189,0.6979785948355043,3.252410008855854,3.4970866796586324,2.1552904815632883,0.0,0.9800896324672562
2320.0,12403140893.468317,0.6971913983764476,3.2537650593338654,3.4968815409701013,2.1563782841793557,0.0,0.9800895974408972
2330.0,12403147309.92494,0.696433193627162,3.2546562858489754,3.4967261629260498,2.157134653525014,0.0,0.9800895631835335
2340.0,12403153670.544739,0.6956779292367959,3.255268161598102,3.4965932765713634,2.1577063641089507,0.0,0.9800895285434508
2350.0,12403159935.902613,0.6949307613973158,3.2561112300150277,3.4964587174204733,2.1583970166191926,0.0,0.9800894937437986
2360.0,12403166191.048859,0.694181256222099,3.2568272691372693,3.49632435669828,2.159023757624702,0.0,0.9800894583149117
2370.0,12403172420.853771,0.6934313667171166,3.257567445011589,3.4961725833933737,2.1596973921716733,0.0,0.9800894223330937
2380.0,12403178628.545122,0.6926806780362192,3.2583038327365212,3.496054731811121,2.1603012891986455,0.0,0.980089385772556
2390.0,12403184935.571379,0.6919144852270258,3.2592677399759182,3.4958939646961515,2.161104777048283,0.0,0.9800893478879078
2400.0,12403191001.487587,0.6911741588840339,3.2599335719205547,3.495753872045262,2.1617178783223805,7.076359608187393e-40,0.9800893107351334
2410.0,12403197526.39656,0.6903740287565245,3.2613039287997108,3.495550092976018,2.162810614900445,0.0,0.9800892699652393
2420.0,12403203828.971544,0.6895971801901486,3.2620652740202223,3.495411595951654,2.1634682815594295,0.0,0.9800892297789427
2430.0,12403209964.887148,0.6888375540107738,3.262765585161528,3.495248073621863,2.164145481789665,0.0,0.9800891898756322
2440.0,12403216086.484037,0.6880761637835068,3.263477117204078,3.495117262130577,2.1647628707935125,7.2961934202810844e-40,0.9800891492815698
2450.0,12403222168.539616,0.6873163179241628,3.264289581076835,3.4949868584306905,2.1654299101296637,0.0,0.9800891081572328
2460.0,12403228249.125502,0.6865531357127693,3.26511574182925,3.4948361965302874,2.166144314306676,0.0,0.980089066236104
2470.0,12403234306.045013,0.6857894109295167,3.2659257759644333,3.49468166422709,2.1668583959806615,0.0,0.9800890236587566
2480.0,12403240337.424644,0.6850253284196565,3.2665673472914194,3.494564957418522,2.167412595261293,0.0,0.980088980431177
2490.0,12403246349.396109,0.6842603506956214,3.2673548771427634,3.4944328362509385,2.16807060252213,0.0,0.9800889364998023
2500.0,12403252697.29995,0.6834487761612944,3.268664989685977,3.494204962058105,2.1691814071794044,0.0,0.9800888891780946
2510.0,12403258665.177935,0.6826822152228788,3.2694490591356455,3.4940504989556023,2.1698823681092443,0.0,0.9800888437979323
2520.0,12403264787.795315,0.6818918096768721,3.270215049277817,3.493915889877483,2.170534581336569,5.555068596478348e-41,0.9800887963207779
2530.0,12403270756.152166,0.681117822892308,3.270785089158288,3.493796698396583,2.1710579842386046,0.0,0.9800887491241229
2540.0,12403276684.345097,0.6803456886590266,3.271501189455022,3.4936415952141386,2.1717262407518603,0.0,0.9800887013292875
2550.0,12403282594.524498,0.679572452410415,3.272316641467103,3.493521727753603,2.1723737016789726,0.0,0.9800886527515275
2560.0,12403288481.883799,0.6787986593753197,3.2730349311539264,3.4933879657386067,2.173000370552377,0.0,0.9800886034207344
2570.0,12403294456.009996,0.6780099534563422,3.2739309360408804,3.493225974534319,2.1737723554044295,0.0,0.9800885523816804
2580.0,12403300544.90341,0.6772023186890538,3.275075582940593,3.4930327336144176,2.174731160694088,0.0,0.9800884993219572
2590.0,12403306495.870556,0.6764091156960228,3.275917689190716,3.492876385194089,2.1754649106598065,0.0,0.9800884464299142
2600.0,12403312379.886066,0.6756211098731887,3.276490557190767,3.4927259604426677,2.176052194162674,9.383325272805142e-40,0.9800883931052321
2610.0,12403318200.46605,0.6748382268731672,3.2771811927620327,3.492643467080655,2.1765624986723315,0.0,0.9800883393270472
2620.0,12403323991.233065,0.6740558241188164,3.2778101931283694,3.492507731778353,2.177148469460106,0.0,0.9800882847879575
2630.0,12403329763.466208,0.6732724557822963,3.2785308741543195,3.4923778078035443,2.177768657922697,0.0,0.9800882293722718
2640.0,12403335526.833128,0.6724867223694778,3.279347671001684,3.4922065011536607,2.1785196696461466,0.0,0.9800881729717418
2650.0,12403341378.99299,0.6716852679068515,3.2802443874732834,3.4920480873833757,2.179284855422517,0.0,0.9800881145852015
2660.0,12403347330.44169,0.6708664539291781,3.281388669849162,3.491857438513217,2.1802382943507737,0.0,0.980088054027971
2670.0,12403353189.68064,0.670056302106824,3.2821086201461576,3.491695709383879,2.1809217277579465,0.0,0.9800879932242383
2680.0,12403358907.657215,0.6692621330261517,3.2826666822162496,3.4916316072208273,2.1813289631190953,2.3947583239880786e-40,0.9800879327275648
2690.0,12403364591.675547,0.6684693711531016,3.2834488887146334,3.4914746508870937,2.182033979035756,0.0,0.9800878714294117
2700.0,12403370258.922522,0.6676752803915731,3.2840604524750945,3.4913800581497063,2.182528946390761,0.0,0.9800878091373365
2710.0,12403375903.750883,0.666880939185005,3.2848421146859117,3.4912378170572853,2.1832042596810117,0.0,0.9800877458994236
2720.0,12403381541.122997,0.6660840193505585,3.2856041451259785,3.4910865365778108,2.1838878358599936,0.0,0.9800876820221011
2730.0,12403387256.431786,0.6652723957962345,3.286486491962655,3.490946519363128,2.1846090437076975,0.0,0.9800876163268615
2740.0,12403393078.958324,0.6644417425019671,3.2875774390092953,3.4907397919167784,2.1855679721237173,0.0,0.9800875480449037
2750.0,12403398759.114502,0.6636275411843129,3.2883953093672202,3.490576279835295,2.186303931465646,0.0,0.9800874801240018
2760.0,12403404319.423067,0.6628270797922219,3.2891436825412117,3.4904480432637297,2.186934591195773,2.5768029600303144e-40,0.9800874123566607
2770.0,12403409921.149559,0.6620168738053612,3.289814206133846,3.490338366848375,2.187489205822799,0.0,0.980087342777047
2780.0,12403415482.081125,0.6612088959560193,3.290338269867912,3.490240712520539,2.1879465463455046,0.0,0.9800872723796443
2790.0,12403420995.793673,0.6604044312273183,3.2910117595290886,3.490101059359189,2.1885625974987923,0.0,0.9800872009168757
2800.0,12403426512.184757,0.6595959640459846,3.291704639906984,3.489961326911785,2.189188502582549,0.0,0.9800871277047842
2810.0,12403431997.629797,0.6587885039756333,3.292408753892846,3.4898446120302884,2.1897739893384736,0.0,0.9800870535175353
2820.0,12403437468.699879,0.6579796053226786,3.293136687183914,3.4897064793079258,2.190414221428732,0.0,0.9800869781183732
2830.0,12403443247.95881,0.6571211723951736,3.2943883969635626,3.489463019727112,2.1915269954801833,0.0,0.980086896908856
2840.0,12403448821.943624,0.6562891294731604,3.2950809223560977,3.4893668115620025,2.192065674506671,0.0,0.980086817037098
2850.0,12403454263.343533,0.6554735523503276,3.2958509147267185,3.48924024316925,2.1927038074774847,0.0,0.9800867375635489
2860.0,12403459679.106197,0.654658282180013,3.296571756949283,3.4891084250157505,2.1933278648957666,0.0,0.9800866569599032
2870.0,12403465091.748297,0.653839882422842,3.297318064013088,3.488964876430892,2.1939881155973873,0.0,0.9800865748711348
2880.0,12403470511.142752,0.653016560861923,3.297805542930428,3.4888526968578244,2.1944562142021913,0.0,0.9800864911157119
2890.0,12403475874.14051,0.6521985788022269,3.2986602603373694,3.4887209927792844,2.1951469810627424,0.0,0.9800864066563753
2900.0,12403481247.781246,0.6513751326469379,3.2991876663699458,3.488617938805548,2.1956167920265033,0.0,0.9800863204288307
2910.0,12403486593.758776,0.6505523914796926,3.2998644098890404,3.4884721057803407,2.1962468298364644,0.0,0.9800862330214367
2920.0,12403491930.395214,0.6497275047918678,3.300558183815654,3.48836758825299,2.196802751854473,0.0,0.9800861441195038
2930.0,12403497251.563099,0.6489014396264402,3.3013274036195774,3.4882359676064447,2.1974506030495253,0.0,0.9800860538033337
2940.0,12403502556.167892,0.6480743105210518,3.3019924373168537,3.4880863897522274,2.1980822756065987,0.0,0.9800859620756703
2950.0,12403507936.733116,0.6472316806417275,3.3028562926527867,3.487965430934888,2.198756120909243,0.0,0.9800858672720206
2960.0,12403513514.732893,0.6463539935759631,3.3039769352732353,3.4877597393097557,2.1997278254697323,0.0,0.9800857670774156
2970.0,12403518839.105043,0.6455123195228828,3.304494524126023,3.487655050999114,2.20019599651741,0.0,0.9800856695931476
2980.0,12403524095.568317,0.6446779230253415,3.305018568002163,3.4875726140705208,2.200622892312666,0.0,0.9800855715445629
2990.0,12403529329.155693,0.64384362760855,3.3056507213477224,3.4874827330889806,2.2011187309485267,0.0,0.9800854721030708
3000.0,12403534551.812645,0.6430075201312758,3.306363782998844,3.4873286383362534,2.2017834512795416,0.0,0.9800853710234059
3010.0,12403539858.977818,0.6421541422603168,3.307210684217436,3.4872202227596545,2.2024237330420346,0.0,0.9800852663826046
3020.0,12403545346.30482,0.6412676867848196,3.3082970716721336,3.4870172464380462,2.203372879412601,0.0,0.9800851561101299
3030.0,12403550570.475393,0.6404199268056946,3.308929781874905,3.4868730006209887,2.203977726148101,0.0,0.9800850491349612
3040.0,12403555754.400734,0.6395750488687014,3.3095227351792214,3.4867652500537143,2.2044897039348093,0.0,0.9800849410148965
3050.0,12403560912.237787,0.6387307985357913,3.310109056354282,3.486635805873978,2.2050417528818116,0.0,0.9800848314549686
3060.0,12403566056.255083,0.6378851803442981,3.3106735687953295,3.4865765719840285,2.2054424768822334,0.0,0.9800847201809509
3070.0,12403571279.38956,0.6370229598346671,3.311483810011761,3.486432175637557,2.206136390183393,0.0,0.9800846051020695
3080.0,12403576391.78327,0.6361753816190235,3.312155700253825,3.4863325027401117,2.2066716810993157,0.0,0.9800844903858543
3090.0,12403581791.989922,0.6352759614928474,3.3132631295308776,3.4861454934053313,2.207599414407403,0.0,0.9800843669298325
3100.0,12403586877.755566,0.6344253442485466,3.313954504073085,3.486030907983317,2.2081742725225344,0.0,0.9800842484876346
3110.0,12403591996.56959,0.6335653457480385,3.3145556894123573,3.485903300747051,2.208730079664703,0.0,0.9800841271013012
3120.0,12403597044.905193,0.6327137210965134,3.315257005584009,3.4858438605058404,2.2091996182329505,0.0,0.9800840052095089
3130.0,12403602095.844957,0.6318580895563876,3.315942714697609,3.485662321033096,2.2099055517352384,0.0,0.9800838810519693
3140.0,12403607091.199543,0.6310084216472892,3.316709527536473,3.4855568730018835,2.2104998542170966,0.0,0.9800837560541373
3150.0,12403612117.63211,0.6301496327170183,3.3173918121679766,3.485460396339811,2.2110339498569935,0.0,0.9800836280248683
3160.0,12403617171.168821,0.629282377560842,3.317971569030802,3.4853352152888157,2.211574190390396,0.0,0.9800834969859049
3170.0,12403622179.37993,0.628419337200561,3.318533137589447,3.4852712225107942,2.2119829602257615,0.0,0.9800833647870925
3180.0,12403627165.290344,0.6275566443503591,3.3192200080084158,3.48514885853565,2.2125711233855347,0.0,0.9800832308252654
3190.0,12403632144.576864,0.6266913020306062,3.319691568970507,3.4850822372330508,2.2129401464717784,0.0,0.9800830946618927
3200.0,12403637103.521946,0.6258259845491578,3.320312683067858,3.4849582576210536,2.2134986627444486,0.0,0.9800829566475274
3210.0,12403642143.932201,0.624942766326575,3.3210905347759083,3.4848364930238414,2.2141311177928973,0.0,0.9800828138603422
3220.0,12403647365.287037,0.6240236186249487,3.322130664514567,3.4846491649113203,2.2150258388872697,0.0,0.9800826645448583
3230.0,12403652199.851267,0.6231692239930027,3.322770221298566,3.4845645484610825,2.2155148501797437,0.0,0.9800825245709373
3240.0,12403657234.38205,0.6222752119601302,3.3233804992918388,3.4845124519239663,2.215924182250613,0.0,0.9800823762129084
3250.0,12403662158.167168,0.6213974070179759,3.3238356109431595,3.48440600152804,2.216364638868127,0.0,0.9800822285480537
3260.0,12403667045.134687,0.6205226176772486,3.3244122840171175,3.4843403163665707,2.2167843457280445,0.0,0.9800820794352659
3270.0,12403671923.444946,0.6196458647959608,3.325016079997895,3.4842739419134747,2.217218992624624,0.0,0.9800819280104743
3280.0,12403676790.651873,0.6187675412525776,3.3256678636789685,3.484158395277919,2.217775977736273,0.0,0.9800817743227687
3290.0,12403681637.615513,0.6178892521625939,3.326277741902218,3.484078272503479,2.2182411623967764,1.7154621573160288e-39,0.9800816186449219
3300.0,12403686480.358196,0.6170080837391223,3.3269378063663995,3.4839634744780397,2.2188007906797473,0.0,0.98008146043681
3310.0,12403691307.654291,0.6161260615538215,3.3275895971494975,3.48383785272841,2.2193779295705545,2.757354887153943e-39,0.9800813000376642
3320.0,12403696211.994097,0.6152263646356408,3.3283506190830665,3.4837674824626297,2.2198991810689006,0.0,0.9800811342743978
3330.0,12403701014.124804,0.6143417773750576,3.328982467898229,3.483657540786378,2.220434988828985,0.0,0.9800809691849116
3340.0,12403706098.718998,0.613401013055915,3.330030863713492,3.4835461014228484,2.221182065463676,0.0,0.9800807913665969
3350.0,12403710923.535501,0.6125046273823236,3.3305812837890576,3.483463111226038,2.221623255895078,4.3292615385397315e-39,0.9800806196951551
3360.0,12403715701.010809,0.6116135699334951,3.331226223077695,3.483349375021413,2.2221731979486474,0.0,0.9800804468332166
3370.0,12403720464.745335,0.6107214511841197,3.331849050601664,3.4832810804237915,2.2226212009058752,0.0,0.9800802715788524
3380.0,12403725231.080032,0.6098251786512443,3.3323677804624303,3.4832128687265325,2.2230169892307763,0.0,0.9800800933020346
3390.0,12403729975.294973,0.6089294629479447,3.332887933237499,3.4831721638136326,2.2233584754441114,0.0,0.9800799129057881
3400.0,12403734712.347754,0.6080315936419387,3.333433615022624,3.4830748681665007,2.2238259076309372,0.0,0.980079729811459
3410.0,12403739428.385618,0.6071341762843948,3.33395237904683,3.483053247448302,2.224128531079438,0.0,0.9800795445477946
3420.0,12403744137.516216,0.6062345503558313,3.3345867827641276,3.4829624887782162,2.224627250278258,0.0,0.9800793565520625
3430.0,12403748927.269503,0.6053158250462161,3.33531824193816,3.4828207063810592,2.2252765446595872,0.0,0.9800791622286061
3440.0,12403753618.299973,0.6044124544388778,3.335922911314319,3.4827852547514553,2.225649782606875,0.0,0.9800789688481634
3450.0,12403758576.437254,0.603453794475186,3.3369223121461737,3.4826854261387945,2.2263491402481246,0.0,0.9800787611274264
3460.0,12403763279.054909,0.6025407961188051,3.337446901721553,3.4826319077579155,2.226718471797572,0.0,0.9800785609715249
3470.0,12403767950.503935,0.601630387145493,3.3379383847337274,3.4826192242968923,2.226989580225705,0.0,0.9800783590948139
3480.0,12403772599.083696,0.6007210434574936,3.3385483368609594,3.482517766710929,2.2274974714612488,0.0,0.9800781551463029
3490.0,12403777250.186209,0.5998074398189993,3.3389398018604455,3.4825211899244843,2.227686357533881,0.0,0.9800779480488864
3500.0,12403781877.282335,0.598895358569653,3.339538393477018,3.4824745215698405,2.2280789900514555,0.0,0.9800777389710003
3510.0,12403786501.712845,0.5979802528639262,3.340133823061213,3.482388655599178,2.2285484367848776,0.0,0.9800775269829417
3520.0,12403791108.859043,0.5970651036655585,3.3406512509036603,3.482366192784615,2.2288520763352273,0.0,0.9800773127843189
3530.0,12403795791.017714,0.5961315947170618,3.3413273826531884,3.482320428764804,2.229281670249612,0.0,0.9800770920466895
3540.0,12403800558.960184,0.5951772406199389,3.342219150203668,3.4821875464760095,2.229993318602441,0.0,0.9800768641542733
3550.0,12403805215.777418,0.594241427256929,3.342839509760153,3.482118060484863,2.2304424703629766,1.1037596684722142e-39,0.9800766385638481
3560.0,12403809840.09277,0.5933084844342901,3.3432040194519117,3.482118146424016,2.23062455333055,0.0,0.9800764116389776
3570.0,12403814411.732193,0.5923829622529339,3.343662624100728,3.482118241938174,2.2308536646266424,0.0,0.9800761844999153
3580.0,12403818967.194468,0.5914574873375649,3.3441353177392568,3.482095620871223,2.231135253579809,0.0,0.9800759554604804
3590.0,12403823511.864632,0.5905309068593597,3.3446889232679067,3.4820799243963316,2.2314434492939164,0.0,0.9800757243783853
3600.0,12403828055.504305,0.5896012099529298,3.345229849711227,3.4820719875556154,2.2317297861970093,0.0,0.9800754910010199
3610.0,12403832589.384754,0.5886703997489852,3.345835585491981,3.4820175814744467,2.2321414662497223,0.0,0.9800752557769867
3620.0,12403837114.697598,0.5877379219733939,3.3462137507660676,3.482048775027983,2.232268161779694,0.0,0.9800750187943166
3630.0,12403841710.793518,0.5867876099666622,3.3468305859860457,3.4820313226188144,2.23261148420802,0.0,0.9800747760385603
3640.0,12403846223.678988,0.5858514311091472,3.3473057089429834,3.4819991750129735,2.2329133408981714,0.0,0.9800745358867334
3650.0,12403850993.430525,0.5848582584380478,3.3481563557956036,3.4819161479949523,2.2335047183605234,0.0,0.9800742804531927
3660.0,12403855527.125357,0.5839111544028314,3.348538979681078,3.4819325897256848,2.233663146841796,0.0,0.9800740365066949
3670.0,12403860038.369957,0.5829657657763135,3.348763283078216,3.4820383849724448,2.2335637080468453,0.0,0.9800737931220491
3680.0,12403864516.238987,0.5820247595302761,3.3491773945758636,3.481979554547957,2.2338884246446438,0.0,0.9800735515201295
3690.0,12403869001.993082,0.5810792160980072,3.349465374759092,3.482056919958695,2.2338776839147827,0.0,0.9800733103352146
3700.0,12403873470.717743,0.5801348745646451,3.3496991669406255,3.482109924381801,2.233888571159338,0.0,0.9800730722103326
3710.0,12403878201.799664,0.579132772618235,3.350252198108558,3.4821260793686704,2.234132776769564,0.0,0.9800728251674824
3720.0,12403881833.61007,0.5783627526873496,3.348879693684585,3.482420199126337,2.232858285042245,0.0,0.9800726445702563
3730.0,12403882479.438833,0.5782267024427071,3.3469620047045225,3.4827325060862457,2.2312748266323963,0.0,0.9800726162725841
3740.0,12403882551.004263,0.5782117200299011,3.34641003114743,3.4828207023254323,2.230822447375477,0.0,0.9800726136473522
3750.0,12403882574.638008,0.5782067809200975,3.346186537751991,3.4828565066110673,2.2306390921064865,0.0,0.9800726128677768
3760.0,12403882587.238256,0.5782041495709166,3.3460735533660855,3.4828741597569453,2.2305472936217785,0.0,0.9800726124859503
3770.0,12403882595.025126,0.5782025240022971,3.3460186271591588,3.482883435634648,2.2305012787629095,0.0,0.9800726122684446
3780.0,12403882600.179808,0.5782014481045222,3.3459956952314482,3.48288765622745,2.2304813716134504,0.0,0.9800726121359021
3790.0,12403882603.719236,0.5782007093930972,3.3459902757726057,3.4828890740045546,2.2304758263298203,0.0,0.9800726120524254
3800.0,12403882606.199686,0.5782001917029082,3.345993609075959,3.4828890412832934,2.230477558424019,0.0,0.9800726119990351
3810.0,12403882607.95897,0.5781998245190255,3.346000472674837,3.4828883671401605,2.2304823385097245,9.298099246022387e-39,0.9800726119646848
3820.0,12403882609.215881,0.5781995621788524,3.3460079584637823,3.4828875059754627,2.2304878037335922,0.0,0.980072611942576
3830.0,12403882610.117798,0.5781993739262531,3.3460146532570674,3.4828866859633236,2.230492791154513,0.0,0.980072611928393
3840.0,12403882610.766932,0.5781992384330962,3.3460200462890928,3.482885998957223,2.2304968616827257,0.0,0.9800726119193436
3850.0,12403882611.23519,0.5781991406915071,3.346024110311142,3.482885463348483,2.230499964911231,0.0,0.9800726119136061
3860.0,12403882611.573595,0.5781990700537432,3.346027036560393,3.482885063786851,2.23050222715912,0.0,0.9800726119099986
3870.0,12403882611.818628,0.5781990189059877,3.3460290854549513,3.48288477350573,2.2305038321686412,0.0,0.9800726119077507
3880.0,12403882611.996424,0.5781989817935326,3.346030512337468,3.482884565746449,2.230504961128463,0.0,0.9800726119063632
3890.0,12403882612.125738,0.5781989548010044,3.3460315387444077,3.4828844185204986,2.230505768783832,0.0,0.980072611905515
3900.0,12403882612.22005,0.5781989351139729,3.3460323463222275,3.4828843158255043,2.230506377962731,0.0,0.9800726119050023
3910.0,12403882612.28907,0.5781989207073681,3.3460330819567443,3.48288424740685,2.230506882617298,0.0,0.9800726119046955
3920.0,12403882612.33978,0.5781989101222953,3.3460338622116748,3.4828842075569177,2.2305073524446275,0.0,0.9800726119045131
3930.0,12403882612.377192,0.5781989023132766,3.3460347876986964,3.4828841947920566,2.2305078407178613,0.0,0.9800726119044071
3940.0,12403882612.404938,0.5781988965213254,3.346035944518387,3.482884210205423,2.2305083883009726,0.0,0.9800726119043461
3950.0,12403882612.425663,0.5781988921954331,3.3460374125034833,3.4828842570728136,2.2305090285587403,0.0,0.9800726119043114
3960.0,12403882612.441252,0.5781988889414794,3.346039270464468,3.4828843403869327,2.230509790910996,0.0,0.980072611904292
3970.0,12403882612.453075,0.5781988864726603,3.3460416014927494,3.4828844664341427,2.2305107043307157,0.0,0.9800726119042816
3980.0,12403882612.462141,0.5781988845799373,3.3460445014668827,3.4828846429846756,2.230511801216716,0.0,0.9800726119042759
3990.0,12403882612.469183,0.5781988831101752,3.346048087523606,3.4828848793736844,2.23051312146706,0.0,0.9800726119042731
4000.0,12403882612.474735,0.5781988819507365,3.346052502325982,3.482885186814137,2.2305147139873434,0.0,0.9800726119042715
4010.0,12403882612.479198,0.5781988810188152,3.3460579464027287,3.482885580961199,2.230516647731593,0.0,0.9800726119042706
4020.0,12403882612.482876,0.5781988802509074,3.346064700775146,3.4828860826240025,2.2305190215921944,0.0,0.9800726119042704
4030.0,12403882612.486008,0.5781988795969548,3.346073198039061,3.4828867266823402,2.2305219821074758,0.0,0.9800726119042702
4040.0,12403882612.488804,0.578198879014192,3.3460841418143064,3.4828875704316453,2.23052576649649,0.0,0.9800726119042701
4050.0,12403882612.491821,0.5781988783847571,3.3461011235308766,3.4828889160385743,2.230531566140916,0.0,0.9800726119042701
4060.0,12403882612.498343,0.5781988770233045,3.346154696142482,3.482893387793649,2.2305494089365694,0.0,0.9800726119042702
4070.0,12403882612.50136,0.5781988763945081,3.346180828498196,3.4828955076042134,2.230558235493298,0.0,0.9800726119042701
4080.0,12403882612.503239,0.5781988760023952,3.346167270044176,3.4828888374533165,2.230564796568081,0.0,0.9800726119042701
4090.0,12403882612.504963,0.5781988756418558,3.346173027613464,3.482887920357754,2.2305695095438502,0.0,0.9800726119042701
4100.0,12403882612.506493,0.57819887532329,3.346181362651086,3.4828882019428753,2.2305731138924183,0.0,0.98007261190427
4110.0,12403882612.50787,0.5781988750354395,3.3461887732494664,3.482888577535982,2.2305760680053957,0.0,0.9800726119042699
4120.0,12403882612.509518,0.5781988746918001,3.346196779788708,3.482888982429494,2.230579261487992,0.0,0.9800726119042699
4130.0,12403882612.511847,0.5781988742053094,3.3462063452397652,3.4828893861872965,2.230583236697916,0.0,0.9800726119042701
4140.0,12403882612.515162,0.5781988735129641,3.3462167064633457,3.482889615290597,2.230587959103106,0.0,0.9800726119042701
4150.0,12403882612.518578,0.5781988727998494,3.346224257370125,3.482889515097663,2.2305919349423635,0.0,0.9800726119042701
4160.0,12403882612.524092,0.5781988716478089,3.346231335152879,3.4828888517189314,2.230596800591202,0.0,0.9800726119042699
4170.0,12403882612.530764,0.578198870254431,3.3462342737840793,3.48288756111582,2.2306008511130266,0.0,0.9800726119042699
4180.0,12403882612.538416,0.5781988686554976,3.346232934784651,3.482885767856196,2.2306037681325597,0.0,0.9800726119042699
4190.0,12403882612.547878,0.5781988666792016,3.346227139008961,3.482883396379259,2.230605613198588,0.0,0.9800726119042698
4200.0,12403882612.559902,0.5781988641677386,3.34621595333728,3.48288041265835,2.230605987804567,0.0,0.9800726119042699
4210.0,12403882612.574385,0.5781988611432591,3.3461989652297683,3.4828770090067875,2.230604301053936,0.0,0.9800726119042696
4220.0,12403882612.59222,0.578198857417719,3.3461756356840615,3.482873279051145,2.230600096192366,0.0,0.9800726119042698
4230.0,12403882612.614027,0.5781988528626059,3.346145588809088,3.4828694384920245,2.2305927538731214,0.0,0.9800726119042696
4240.0,12403882612.640867,0.5781988472574596,3.34610809860397,3.4828657165490142,2.230581452656582,0.0,0.9800726119042694
4250.0,12403882612.675816,0.5781988399593353,3.346060160561838,3.48286231642224,2.230564283889065,0.0,0.9800726119042692
4260.0,12403882612.719152,0.5781988309120667,3.3460035260551186,3.482859969094334,2.230540661291518,0.0,0.9800726119042692
4270.0,12403882612.772764,0.5781988197227894,3.345938832633012,3.4828593123729794,2.230509628023174,0.0,0.9800726119042691
4280.0,12403882612.838865,0.578198805928714,3.3458674652534,3.48286102307909,2.2304705229211477,0.0,0.9800726119042689
4290.0,12403882612.920057,0.5781987889911517,3.3457912181648966,3.4828656838674212,2.2304230778002316,0.0,0.9800726119042686
4300.0,12403882613.020561,0.5781987680306346,3.3457103581432355,3.4828737244472783,2.230366566629687,0.0,0.9800726119042683
4310.0,12403882613.152199,0.5781987405850684,3.3456178334130837,3.4828859204601885,2.230295912238791,1.6812210618972488e-49,0.9800726119042679
4320.0,12403882613.316357,0.5781987063738084,3.3455068810302375,3.482901773898572,2.230208729170601,0.0,0.9800726119042675
4330.0,12403882613.525764,0.5781986627559187,3.345347496056634,3.482922425366286,2.23008773374837,0.0,0.9800726119042669
4340.0,12403882613.784397,0.5781986089276868,3.3451026193710423,3.482950930848146,2.2299082844418554,0.0,0.9800726119042661
4350.0,12403882614.103195,0.5781985426585722,3.344710847016569,3.4829946563580254,2.2296249472448593,0.0,0.9800726119042653
4360.0,12403882614.509483,0.5781984583694647,3.3440776836452626,3.4830694080511595,2.2291588621729392,0.0,0.9800726119042644
4370.0,12403882615.010054,0.5781983548445464,3.343120973695776,3.4831907956401853,2.228437732020144,0.0,0.9800726119042633
4380.0,12403882615.665298,0.578198219982908,3.341637464104304,3.4833915739879706,2.227294420528837,0.0,0.9800726119042614
4390.0,12403882616.501905,0.5781980490566245,3.3394525293846735,3.4836929632807365,2.225599174583491,0.0,0.9800726119042596
4400.0,12403882617.541214,0.5781978388787605,3.3365910595307873,3.4841169409909547,2.22332048423611,0.0,0.9800726119042574
4410.0,12403882618.831018,0.5781975814674464,3.33310496171109,3.484696722673672,2.2204178719608265,0.0,0.9800726119042543
4420.0,12403882620.476454,0.5781972584123575,3.3287106420872608,3.4853655838959616,2.216882989704333,0.0,0.980072611904251
4430.0,12403882622.49544,0.5781968695594133,3.3238557943564633,3.48610814288033,2.2129704478701977,0.0,0.9800726119042465
4440.0,12403882624.99827,0.5781963974935338,3.31866910373418,3.4869316545953817,2.2087300791289532,1.191750850623279e-46,0.9800726119042411
4450.0,12403882628.283361,0.578195792035034,3.3127470320939847,3.487857327597838,2.2039176973039423,5.973617114360671e-45,0.9800726119042346
4460.0,12403882632.48366,0.5781950380923596,3.305771288380706,3.4889417606524686,2.1982609593380418,6.726595441502859e-45,0.9800726119042259
4470.0,12403882637.704288,0.5781941309037518,3.29681920087919,3.4902891931023894,2.1910900506874422,0.0,0.9800726119042155
4480.0,12403882644.359913,0.5781930237993631,3.2840363751100807,3.4921204232291645,2.181036177549337,0.0,0.9800726119042021
4490.0,12403882652.562435,0.5781917402972253,3.2664978651794896,3.494597667028841,2.16731243498469,1.1344593478894894e-44,0.9800726119041867
4500.0,12403882662.642157,0.5781902873254858,3.2435205401526925,3.497763681783692,2.149491742961588,1.4169804668620408e-44,0.9800726119041676
4510.0,12403882675.133446,0.5781886656145209,3.2147722584471343,3.5015676758220784,2.1275096140320366,1.5019018031128411e-44,0.9800726119041446
4520.0,12403882691.492876,0.5781867999030488,3.1789860685703046,3.506108460389791,2.100534949958197,0.0,0.9800726119041147
4530.0,12403882711.851004,0.578184806854955,3.1387311737106613,3.511063472897535,2.0704974775128866,0.0,0.980072611904078
4540.0,12403882737.071402,0.5781827198940814,3.094879309228708,3.516184389765826,2.0383297115353285,0.0,0.9800726119040333
4550.0,12403882768.135157,0.5781805707833287,3.048674719419222,3.521389299775144,2.0048175966119497,0.0,0.9800726119039787
4560.0,12403882804.548931,0.5781784722176159,3.00298551164516,3.526400361697973,1.971950868879261,2.577834154053163e-48,0.980072611903916
4570.0,12403882851.80436,0.578176214905183,2.953500590386037,3.531778468803632,1.9364521940383816,0.0,0.9800726119038354
4580.0,12403882909.879885,0.5781739364021223,2.903142900682173,3.5371191632633527,1.900591960267008,0.0,0.980072611903738
4590.0,12403882977.358438,0.5781717562792401,2.8552439934272043,3.5422908064505156,1.8662992202651976,0.0,0.9800726119036263
4600.0,12403883055.335123,0.5781696653029172,2.8090451477659935,3.547187517027982,1.833406376279659,1.820464306488614e-47,0.9800726119034984
4610.0,12403883152.543049,0.5781674985561113,2.7614243000389456,3.552329314633638,1.7993123572048222,0.0,0.9800726119033403
4620.0,12403883276.506462,0.5781652204020058,2.710949604799802,3.5576072989697622,1.7635190409130028,2.4116522531876067e-46,0.9800726119031407
4630.0,12403883404.24651,0.5781632683826577,2.6683027184446866,3.562160216183133,1.7330897633087043,0.0,0.9800726119029365
4640.0,12403883559.933798,0.5781612610393762,2.6246531414285403,3.5668513958045187,1.7018826155578595,2.461889417043447e-44,0.9800726119026894
4650.0,12403883720.811691,0.5781594981340644,2.586424303085,3.5708969799564816,1.6746770280821635,0.0,0.9800726119024358
4660.0,12403883904.33087,0.5781577649845829,2.5492292958784084,3.5748883984861903,1.6480966874194505,0.0,0.9800726119021477
4670.0,12403884102.274225,0.5781561438481939,2.514467751707375,3.57856409605857,1.6233645201891729,0.0,0.9800726119018381
4680.0,12403884289.307697,0.5781547930214774,2.485844348940529,3.581595703345449,1.6029896042319922,0.0,0.9800726119015464
4690.0,12403884475.52051,0.5781535845332997,2.4606016555679586,3.5843707390617943,1.584818186113017,0.0,0.9800726119012567
4700.0,12403885154.808123,0.5781499528950987,2.3820446115057416,3.592687166494707,1.5289068092160834,0.0,0.9800726119002001
4710.0,12403888944.31671,0.5781389999407955,2.1522763024033384,3.617852020762577,1.3636929461291423,6.870319964212983e-43,0.9800726118943527
4720.0,12403901282.315908,0.578125871032195,1.8780527660396695,3.6484838269674262,1.1653175655376093,2.5714015322243115e-34,0.9800726118754263
4730.0,12403936277.831854,0.5781146807807052,1.452182478033109,3.6898294301102084,0.8696912152487642,0.0,0.9800726118219387
4740.0,12403979828.043324,0.5781069406918893,1.826585234756885,3.6474399301074008,1.141671593616267,0.0,0.9800726117531349
4750.0,12404078051.811232,0.5780269337170117,1.9521557160891223,3.636645633868309,1.2260454267605687,0.0,0.9800726115765519
4760.0,12404123028.710314,0.5779907584949444,1.925567307512384,3.6404050063034106,1.205232477601998,5.349473945799566e-40,0.9800726114849224
4770.0,12404123886.18824,0.5779901178204303,1.9247015713768054,3.64051188929228,1.2045858435564687,0.0,0.9800726114832344
4780.0,12404124093.862322,0.57798996304875,1.9244243001345442,3.640545428465045,1.2043801295898084,1.7601975230877384e-38,0.9800726114828522
4790.0,12404124295.724989,0.5779898127911542,1.9240762394918973,3.640586597479273,1.2041237612400293,1.3668302566660313e-37,0.9800726114825021
4800.0,12404124879.092285,0.577989380133392,1.9222285515479414,3.640794079496941,1.202784953232715,0.0,0.9800726114816227
4810.0,12404125266.371622,0.5779890951352116,1.920279513603268,3.641002070079949,1.2013944530943628,0.0,0.980072611481124
4820.0,12404125562.796076,0.5779888786324708,1.9186033145027135,3.641221639700015,1.2001172143039534,0.0,0.9800726114807694
4830.0,12404125884.481071,0.5779886453974069,1.916523595139898,3.641439558796732,1.198641516429111,0.0,0.9800726114804008
4840.0,12404126228.514057,0.5779883980594043,1.9143206398651025,3.641671109942396,1.1970769365003848,0.0,0.9800726114800218
4850.0,12404126656.809258,0.5779880929979753,1.911827670413163,3.6419474915636556,1.1952776885318965,0.0,0.9800726114795647
4860.0,12404127074.896042,0.5779877979387363,1.9096880309357742,3.64218582369371,1.1937312045330926,0.0,0.9800726114791322
4870.0,12404127584.464773,0.577987441428877,1.9074525709245385,3.642448282504168,1.1920885569065587,1.0593461135697574e-36,0.9800726114786181
4880.0,12404128108.495682,0.5779870779383691,1.9053986847993618,3.6427020353773076,1.1905541080976914,0.0,0.9800726114781013
4890.0,12404128669.470272,0.577986692060379,1.9032614694653307,3.6429882622384353,1.1889130467084215,0.0,0.9800726114775585
4900.0,12404129586.899675,0.5779860680682912,1.8995285881191917,3.643517356395302,1.1859884177216178,8.177024821090974e-37,0.9800726114766853
4903.0,12404130296.430323,0.5779855918578563,1.8962333887890572,3.6439846217372223,1.1834062873727103,3.635026028176489e-36,0.9800726114760174
4910.0,12404134646.921795,0.5779828202999435,1.869126883560129,3.6471555386410035,1.1635112009506847,0.0,0.9800726114719917
4920.0,12404165977.245043,0.5779686191864788,1.7282892116082587,3.6634552517824055,1.0604929386919435,0.0,0.9800726114423189
4930.0,12404347266.335363,0.5779178391800038,1.7519029254008818,3.660498033124188,1.078214232904691,0.0,0.9800726112234851
4940.0,12404400768.295893,0.5778971703612086,1.7694208480106752,3.659417916139609,1.0891334281787466,0.0,0.9800726111423533
4950.0,12404401961.014862,0.5778966935819085,1.7693006619184755,3.659455878493755,1.0889974104243545,1.3539846563569326e-42,0.9800726111406781
4960.0,12404402446.319323,0.577896499724665,1.7691204526673234,3.6594861740379527,1.088846714710382,4.2689336175299394e-39,0.9800726111400565
4970.0,12404403684.945421,0.5778960060838935,1.7678485506223747,3.659652007612108,1.0878790965395966,0.0,0.9800726111386883
4980.0,12404404803.021011,0.5778955634681112,1.7658756918523852,3.6598874736409415,1.0864217350969358,4.914256166479043e-38,0.980072611137683
4990.0,12404405585.967882,0.5778952557473108,1.764393991832213,3.660065342713085,1.085325146942563,0.0,0.980072611137058
5000.0,12404406280.445173,0.5778949842609578,1.7632537100422567,3.660211826433096,1.0844620386075632,0.0,0.9800726111365384
5010.0,12404407136.279648,0.5778946512160097,1.762204784898714,3.6603676535239766,1.08362592185403,0.0,0.9800726111359298
5020.0,12404407995.331999,0.5778943181330841,1.7615545663405527,3.6605124925195596,1.0830111345837838,0.0,0.9800726111353477
5030.0,12404409116.50817,0.5778938845965704,1.7610479108232329,3.6606629520188196,1.0824568878266039,2.720666010186091e-41,0.9800726111346177
5040.0,12404413261.465857,0.5778922907066848,1.7581318438217093,3.661396108808131,1.07953254074722,2.0861645421727467e-41,0.9800726111321025
5050.0,12404438925.951351,0.5778835025151199,1.6948086204889068,3.6699783418767034,1.0307064629436729,0.0,0.9800726111176361
5060.0,12404597833.680952,0.577849943521996,1.5796350760652096,3.683399798042462,0.9462767784003078,0.0,0.9800726110041096
5070.0,12404747447.18094,0.5778172769185068,1.6754658163560243,3.672059877019945,1.0168719905907477,3.686319900155662e-34,0.9800726108561425
5080.0,12404752183.901747,0.577815979218191,1.6780508822477556,3.671808053805706,1.0186681699650915,3.799383204773825e-38,0.9800726108514657
5090.0,12404754126.865,0.5778154432826464,1.678753112916573,3.671755975141274,1.0191234426283644,1.8148314796596928e-43,0.9800726108499102
5100.0,12404757522.005695,0.57781450353067,1.6804010788881452,3.6716773469983774,1.0201046818999435,0.0,0.9800726108478431
5110.0,12404759626.837225,0.5778139163397568,1.6830062699280117,3.671530122254927,1.0217017269067783,0.0,0.9800726108468586
5120.0,12404761834.556784,0.5778132928968089,1.687043971281205,3.6713049137232634,1.024170994646702,0.0,0.9800726108459634
5130.0,12404773199.423199,0.5778099793420935,1.6947806447666232,3.6717847294170483,1.027079700001842,1.3770420993248256e-38,0.9800726108423816
5140.0,12404843567.680508,0.5777933978185987,1.5810119213112797,3.687154440344415,0.9394559164194366,5.187821345862497e-35,0.9800726108247763
5150.0,12405146466.381191,0.5777370665300916,1.6545541559466874,3.6751930222734304,1.0001498698791091,0.0,0.9800726106844454
5160.0,12405167018.492666,0.5777318191354648,1.6679572896572772,3.6738678314525663,1.0095018183761324,0.0,0.9800726106731094
5170.0,12405182892.98531,0.5777274833765117,1.6868110363288686,3.672997704063306,1.0206689464904497,0.0,0.9800726106691865
5180.0,12405261044.40248,0.5777091549889056,1.5800606954264687,3.687022914763583,0.9392433546386955,0.0,0.9800726106632552
5190.0,12405408800.756008,0.5776830875257971,1.5772810886467055,3.6863104311029473,0.9392785185700849,0.0,0.9800726106573817
5200.0,12405510782.502802,0.577663792165523,1.6006470228028875,3.683414886856563,0.9567525741409441,0.0,0.9800726106536536
5210.0,12405551905.224459,0.5776555196659208,1.6009676727907074,3.6839899289728275,0.9557628149023246,0.0,0.9800726106531669
5220.0,12405566830.511122,0.5776525642117523,1.596304599186873,3.6846934400980538,0.9520242558499542,1.0770202312643355e-54,0.9800726106531412
5230.0,12405574961.625349,0.5776509809778423,1.59319820877032,3.685116835142386,0.9496242705530142,3.0969948725609744e-56,0.9800726106531302
5240.0,12405578430.167227,0.5776503120180254,1.5918547691675178,3.685297739308731,0.9485907424189232,1.0177280322846873e-33,0.980072609324048
5250.0,12405579048.771948,0.5776501931235437,1.5916143643440488,3.685329948605083,0.9484061214144862,0.0,0.9800726071404338
5260.0,12405580026.757385,0.5776500053884461,1.5912321782313452,3.685380828555382,0.9481132684575352,0.0,0.9800499668159127
5270.0,12405586082.185448,0.5776488488470207,1.5888906329926469,3.6856906692855853,0.9463228143777785,0.0,0.9437621704175976
5280.0,12405623575.799921,0.5776418872754508,1.576715124268137,3.6872907958092185,0.9370348069682574,0.0,0.9430857119509237
5290.0,12405855726.378265,0.5776024316336018,1.5505984120458192,3.6907139308787977,0.9171301807179408,0.0,0.9400155925758199
5300.0,12407293141.56967,0.5773651756824776,1.5610539511992898,3.6889849487766084,0.9258159144990553,0.0,0.9210632621386562
5310.0,12414254087.0364,0.5761231722785507,1.5784638962907065,3.6878378881817393,0.9368150082345018,0.0,0.8300810048774052
5320.0,12422485651.527622,0.5746642367592245,1.564808054336403,3.6923567216311177,0.9209494203585926,0.0,0.7201957400713616
5330.0,12430514814.619036,0.573337491191434,1.5510967825939557,3.696950161022565,0.9049069057044739,1.0688890771141998e-28,0.6100841862854616
5340.0,12439406248.580029,0.571957144770233,1.539536689546469,3.701324819922435,0.8903775413809908,0.0,0.48522619828218605
5350.0,12447014212.994562,0.5708300568933138,1.53406582998818,3.704429670704045,0.8814324100386268,0.0,0.37299567748920304
5360.0,12454478649.071161,0.5697438315313257,1.5360635719968214,3.7060796615969283,0.8791312992571804,0.0,0.2666193515231895
5370.0,12464096685.639809,0.5683081234702847,1.5518426069802416,3.706047980966887,0.8870841780089731,0.0,0.15844133289682752
5380.0,12471375746.924057,0.5670967032609892,1.6003377295301668,3.700362011624326,0.9227036779690581,0.0,0.07317030719743575
5390.0,12476153288.696024,0.5660725792406412,1.6820097242396208,3.6892612937676192,0.9857411110371993,0.0,0.027748382073448603
5400.0,12481080396.515131,0.5644340165120916,1.8326775974624216,3.6695150118012365,1.1005676115813636,0.0,0.005414187199847235
5410.0,12483016046.256363,0.5633663826057786,1.8133252035110172,3.6740201040534584,1.0818812301012188,0.0,0.000340314134116522
5420.0,12486560859.02222,0.5618916559855306,1.8060435845551799,3.677035534973786,1.0722095587826443,0.0,0.00018706275743520718
5430.0,12496618516.25566,0.5592362326694184,1.8839269069880153,3.6709447121885748,1.1233328655694843,0.0,3.347930573480334e-05
5440.0,12503976079.736748,0.5592265684316136,1.9380128407235264,3.6657385534757694,1.1607881498628507,0.0,1.8846606781005507e-06
5450.0,12511279228.05358,0.5592088508942451,2.0133133431530834,3.6566759103906707,1.216563687247827,0.0,1.2562754137067883e-08
5460.0,12521202928.275475,0.5590944082467876,2.262621801156108,3.6241719835330684,1.4062257699645428,0.0,4.713990409409574e-14
5470.0,12525098076.378204,0.5581856185372144,2.575064607198461,3.587177032437782,1.6364370751762933,0.0,4.062849196688084e-17
5480.0,12525699859.116516,0.5569469749879647,2.688147433115621,3.574961411377047,1.7174097302563431,0.0,2.0664786841865048e-17
5490.0,12525968757.730795,0.5555267960286819,2.755741952781467,3.5679458487894977,1.7652381152643644,0.0,1.719591377147274e-17
5500.0,12526140026.821579,0.5538742719829367,2.80383024377636,3.563222551857436,1.798728854625935,0.0,1.5800428291218292e-17
5510.0,12526257606.087622,0.5521299249180085,2.8383706458896474,3.5600490121291335,1.8223461351391832,0.0,1.5092636878762178e-17
5520.0,12526353612.355167,0.5501461607445531,2.866985041141358,3.5577043613857917,1.8413426342517223,0.0,1.463268938185035e-17
5530.0,12526440836.82074,0.5477384790252496,2.89335930312452,3.5558512195890253,1.8582360488368368,0.0,1.429044114584924e-17
5540.0,12526513146.50276,0.5451764735656784,2.9151790277653604,3.5546370588363576,1.8715742326625917,0.0,1.4052450630061095e-17
5550.0,12526574862.115223,0.5424711717943957,2.9324302930783013,3.5541421721713804,1.8811896386490168,0.0,1.3877571747258015e-17
5560.0,12526627830.460493,0.5397054184203446,2.947394568859642,3.554073865974099,1.888808388934249,0.0,1.3745769619435223e-17
5570.0,12526674080.427982,0.5369002132289948,2.9601848375304662,3.554463104727028,1.8944250457638026,0.0,1.3643054788321242e-17
5580.0,12526720939.55694,0.5336339406723876,2.9736307520860374,3.5554087609696623,1.8992566905563206,0.0,1.3549667721546944e-17
5590.0,12526761994.255438,0.5303771428673126,2.9836556941424632,3.5572276892469628,1.900631305029933,0.0,1.3475806785759886e-17
5600.0,12526804396.91466,0.5266003713424842,2.9949427971720506,3.5602317356001647,1.9002667638383217,0.0,1.3406668013756919e-17
5610.0,12526840817.388412,0.5230187002655916,3.003679513888485,3.5646610323039405,1.8957765287889876,0.0,1.3352532083912748e-17
5620.0,12526877166.174744,0.5191376849658196,3.0125051359818538,3.572307053635054,1.884897297173446,0.0,1.330295240867149e-17
5630.0,12526910744.819593,0.515363668089029,3.018126481554153,3.5868539084377993,1.8586142603541043,0.0,1.3260783510626105e-17
5632.0,12526914629.711506,0.5149294661831585,3.018335461021418,3.589718151229855,1.8529902645036256,0.0,1.3256111801710036e-17
